-12	-6	-6	-6	-6	4120857	-7	-5	-6	-6	-6	-6	-7	-5	-6	-6	-6	109090	-7	121706	114885	134375	98068	-4045727	-7	509	313	431	437	366	-7	288	105	118	201	81	-7	-5	-6	-6	-6	-6	-6	-7	-5	-6	273	504	189	86926	163968	109361	173082	41545	308	138824	130200	92379	155155	128009	357	94752	76951	66864	67942	139286	210	210	175	217	371	777	210	114275	136360	200963	87829	168168	4046532	205310	182602	159460	141827	-7112252	-7588329	52808917	59192	60221	64533	60417
-6	-12	-6	-6	-6	4239812	-7	-6	-5	-6	-6	-6	-7	-6	-5	-6	-6	112000	-7	125359	117957	137994	100959	-4158742	-7	496	307	424	423	359	-7	274	112	111	201	60	-7	-6	-5	-6	-6	-6	-6	-7	-6	-5	294	490	189	89257	168700	112469	178178	42910	315	142744	133959	95088	159642	132132	350	97489	79303	69013	69888	143584	224	217	189	224	378	749	217	117600	140119	206787	90272	172704	4159540	211190	187978	164248	145964	-7314482	-7804153	54310914	61201	62181	66346	61789
-6	-6	-12	-6	-6	4184039	-7	-6	-6	-5	-6	-6	-7	-6	-6	-5	-6	110850	-7	123411	116695	136638	99454	-4108201	-7	490	315	412	403	346	-7	268	92	104	222	88	-7	-6	-6	-5	-6	-6	-6	-7	-6	-6	273	511	168	88494	166593	111111	175805	42084	322	141260	132314	93625	157563	129696	371	96418	78022	67655	68964	141246	224	224	203	231	357	791	217	115913	138649	203952	89194	170835	4108993	208467	185255	161721	143794	-7221410	-7705061	53621288	59731	61103	65709	61593
-6	-6	-6	-12	-6	4201401	-7	-6	-6	-6	-5	-6	-7	-6	-6	-6	-5	111303	-7	124206	117222	136998	99912	-4126346	-7	489	321	425	438	352	-7	260	98	139	221	80	-7	-6	-6	-6	-5	-6	-6	-7	-6	-6	280	518	175	88620	167097	111496	176358	42308	294	141484	132636	94276	158165	130410	364	96523	78442	68215	69321	141834	238	224	175	217	357	770	224	116543	139041	205079	89509	171528	4127144	209405	186242	162652	144543	-7252609	-7737975	53850314	60417	61299	65660	61691
-6	-6	-6	-6	-12	4216014	-7	-6	-6	-6	-6	-5	-7	-6	-6	-6	-6	111933	-7	124569	117723	137580	100487	-4144896	-7	510	328	425	438	346	-7	288	91	97	215	73	-7	-6	-6	-6	-6	-5	-6	-7	-6	-6	287	518	182	88900	167482	111657	176918	42413	329	141792	133077	94584	158683	130760	371	96691	78785	68383	69538	142373	210	231	168	217	350	784	203	116970	139517	205919	89859	172242	4145694	210147	186746	163296	145236	-7281386	-7768488	54062631	60711	61201	66101	61838
4120857	4239812	4184039	4201401	4216014	-2521165969356	4346428	3461947	3538512	3531955	3409556	3394283	4032122	3523448	3521446	3610037	3628032	-66743073683	4140171	-74487599901	-70272051397	-82191679285	-59990987970	2475111765805	4142239	-294161408	-188065876	-249520681	-252891711	-209574143	4132600	-160973014	-57726019	-65505878	-123364891	-44104204	4145469	3413824	3394893	3476437	3494534	3543652	3431235	4130291	3422667	3395700	-167501040	-301411439	-109121782	-53178911296	-100299945179	-66892932176	-105898418192	-25419678025	-188163493	-84937767845	-79648190825	-56522675909	-94926249824	-78326860857	-217005530	-57971636219	-47091487905	-40918173296	-41570682475	-85212653141	-134758057	-131955579	-109348484	-133280406	-215297292	-459239613	-129234735	-69914458439	-83423200126	-122990322210	-53712684361	-102865848393	-2475586211630	-125625302824	-111725316577	-97589429196	-86757512163	4351239905222	4642518168253	-32308337834689	-36239456113	-36835088794	-39485753447	-36944969824
-7	-7	-7	-7	-7	4346428	-12	-5	-5	-5	-5	-5	-6	-6	-6	-6	-6	114923	-6	128431	121027	141632	103361	-4264476	-6	481	341	417	416	373	-6	259	104	110	200	73	-7	-6	-6	-6	-6	-6	-5	-7	-6	-6	287	490	196	91707	173012	115367	182707	43862	322	146566	137375	97412	163702	135114	364	100065	81200	70546	71645	147014	245	203	196	231	343	763	238	120498	143815	211897	92526	177205	4265275	216552	192640	168196	149541	-7499219	-8001406	55683600	62426	63651	68110	63651
-5	-6	-6	-6	-6	3461947	-5	-10	-4	-4	-4	-4	-6	-4	-5	-5	-5	91571	-6	102400	96440	112715	82310	-3397084	-6	412	271	352	364	313	-6	219	91	103	178	78	-5	-5	-5	-5	-5	-5	-5	-5	-5	-5	217	427	147	72919	137669	91784	145432	34937	252	116641	109319	77483	130263	107709	294	79632	64652	56210	57008	117124	196	168	147	189	301	651	182	96117	114499	168861	73724	141337	3397751	172571	153426	134253	119119	-5973534	-6373493	44354506	49735	50813	54194	50470
-6	-5	-6	-6	-6	3538512	-5	-4	-10	-4	-4	-4	-6	-5	-4	-5	-5	93730	-6	104281	98694	115588	84133	-3474014	-6	433	264	353	350	278	-6	240	70	82	164	71	-6	-4	-5	-5	-5	-5	-5	-6	-4	-5	224	434	161	74914	140931	94080	148680	35574	273	119462	111930	79373	133343	109599	315	81501	66024	57253	58429	119371	175	203	161	189	301	658	161	97930	117334	172473	75432	144340	3474681	176295	156786	136528	121667	-6107087	-6515999	45346413	50617	51499	55517	52332
-6	-6	-5	-6	-6	3531955	-5	-4	-4	-10	-4	-4	-6	-5	-5	-4	-5	93502	-6	104533	98422	115023	84073	-3467903	-6	405	250	360	358	292	-6	226	84	103	178	64	-6	-5	-4	-5	-5	-5	-5	-6	-5	-4	231	420	147	74326	140371	93597	148274	35658	252	118783	111454	79177	132902	109949	301	81095	65982	57449	58163	119483	189	189	154	175	315	630	189	98077	116704	172466	75236	144193	3468570	176008	156534	137004	121639	-6096202	-6504204	45264142	50960	51695	55223	51450
-6	-6	-6	-5	-6	3409556	-5	-4	-4	-4	-10	-4	-6	-5	-5	-5	-4	90327	-6	100829	95114	111110	81144	-3348706	-6	420	265	347	359	280	-6	241	85	103	185	50	-6	-5	-5	-4	-5	-5	-5	-6	-5	-5	252	427	140	71827	135597	90489	143087	34363	252	114695	107632	76587	128359	105889	301	78274	63679	55426	56273	115129	168	196	140	182	294	651	168	94633	112749	166495	72709	139125	3349367	169918	151158	131992	117327	-5885838	-6279637	43701434	49147	49735	53214	50029
-6	-6	-6	-6	-5	3394283	-5	-4	-4	-4	-4	-10	-6	-5	-5	-5	-5	90038	-6	100066	94739	110872	80845	-3334945	-6	426	250	339	365	279	-6	234	91	103	191	70	-6	-5	-5	-5	-4	-5	-5	-6	-5	-5	231	434	140	71715	135009	89992	142506	34181	259	114352	107275	76027	127757	105259	294	78001	63392	54950	55993	114611	182	196	140	196	315	644	168	94066	112434	165571	72373	138642	3335612	169120	150283	131299	116788	-5860302	-6252568	43513078	48657	49392	53312	49882
-7	-7	-7	-7	-7	4032122	-6	-6	-6	-6	-6	-6	-12	-5	-5	-5	-5	106963	-6	119023	112550	131602	96011	-3961900	-6	504	301	432	438	332	-6	288	112	132	222	87	-7	-6	-6	-6	-6	-5	-6	-7	-6	-6	273	532	175	85092	160272	106862	169225	40579	294	135709	127330	90377	151718	125104	350	92589	75285	65352	66479	136150	210	238	168	210	378	777	203	111853	133469	196819	85981	164759	3962686	200970	178584	156114	138817	-6961850	-7427749	51691374	57918	58702	63210	59143
-5	-6	-6	-6	-6	3523448	-6	-4	-5	-5	-5	-5	-5	-10	-4	-4	-4	93301	-6	103995	98202	114932	83856	-3459021	-6	432	256	359	356	277	-6	246	90	102	184	56	-6	-5	-5	-5	-5	-5	-4	-6	-5	-5	245	420	147	74354	140224	93541	147980	35525	259	118692	111349	79072	132692	109438	301	80990	65800	57176	58135	119035	175	210	161	189	315	630	168	97671	116627	171906	75103	143710	3459694	175532	156135	136297	121247	-6081040	-6488083	45152079	50666	51401	55174	51744
-6	-5	-6	-6	-6	3521446	-6	-5	-4	-5	-5	-5	-5	-4	-10	-4	-4	93418	-6	103820	98334	115102	83758	-3460049	-6	412	264	346	344	313	-6	233	77	89	164	78	-5	-5	-5	-5	-5	-5	-5	-5	-5	-5	217	420	161	74515	140133	93457	147917	35357	266	118860	111342	78799	132601	109011	308	81095	65660	56868	58051	118818	182	168	168	189	301	644	182	97559	116767	171689	75103	143899	3460716	175490	155869	136080	121072	-6079850	-6486963	45144239	50225	51254	55370	51940
-6	-6	-5	-6	-6	3610037	-6	-5	-5	-4	-5	-5	-5	-4	-4	-10	-4	95530	-6	106744	100641	117631	85946	-3544469	-6	412	264	346	365	300	-6	219	77	82	150	57	-6	-4	-5	-5	-5	-5	-5	-6	-4	-5	238	413	175	76090	143619	95844	151592	36393	273	121527	113995	81130	135982	112154	308	82929	67515	58709	59619	121975	196	182	140	189	301	644	182	100079	119448	176155	76888	147147	3545136	179893	160132	139643	124271	-6231022	-6647914	46264428	52087	52626	56399	53018
-6	-6	-6	-5	-6	3628032	-6	-5	-5	-5	-4	-5	-5	-4	-4	-4	-10	95892	-6	107390	100949	118001	86365	-3559204	-6	398	271	346	358	293	-6	206	70	75	185	50	-6	-5	-4	-5	-5	-5	-5	-6	-5	-4	245	434	140	76314	144270	96131	152453	36729	280	122122	114569	81242	136542	113085	315	83398	67830	59031	59738	122913	210	182	147	189	294	658	196	100737	119798	177009	77224	147952	3559871	180754	160790	140798	124915	-6259435	-6678539	46477382	52332	53312	56791	52675
109090	112000	110850	111303	111933	-66743073683	114923	91571	93730	93502	90327	90038	106963	93301	93418	95530	95892	-1766988606	109636	-1971868395	-1860396106	-2175955921	-1588153217	65525367626	109807	-7794986	-4981646	-6609345	-6698829	-5548640	109394	-4266049	-1530044	-1737600	-3270921	-1171941	109977	90449	90130	91923	92427	93707	90899	109354	90673	90102	-4433401	-7986923	-2888641	-1407857388	-2655229899	-1770852251	-2803419752	-672893991	-4982201	-2248566523	-2108532167	-1496323374	-2512979889	-2073430751	-5747651	-1534667029	-1246636314	-1083170564	-1100511811	-2255756699	-3566941	-3496052	-2894360	-3528168	-5700737	-12165853	-3418814	-1850846326	-2208522358	-3255960960	-1421971831	-2723264264	-65537933972	-3325705453	-2957670079	-2583453292	-2296734391	115192029169	122903114481	-855310671670	-959309750	-975035761	-1045341990	-978146477
-7	-7	-7	-7	-7	4140171	-6	-6	-6	-6	-6	-6	-6	-6	-6	-6	-6	109636	-12	122427	115463	134936	98501	-4065570	-6	483	315	419	431	353	-6	274	105	118	221	87	-7	-6	-6	-6	-5	-6	-6	-7	-6	-6	273	511	175	87255	164682	109865	173838	41720	315	139398	130739	92848	155862	128625	357	95158	77308	67221	68257	139881	224	217	175	224	357	777	224	114870	136948	202027	88249	169001	4066356	206318	183470	160335	142443	-7146384	-7624659	53061708	59535	60515	64729	60662
121706	125359	123411	124206	124569	-74487599901	128431	102400	104281	104533	100829	100066	119023	103995	103820	106744	107390	-1971868395	122427	-2200819794	-2076141043	-2428251666	-1772438253	73126371208	122323	-8684949	-5555172	-7369940	-7471044	-6190841	122040	-4751197	-1704366	-1934528	-3643752	-1299253	122332	100836	100263	102897	103209	104651	101502	122023	101093	100122	-4951485	-8901557	-3222562	-1571084312	-2963324574	-1976324049	-3128751276	-751057391	-5557790	-2509409679	-2353158486	-1669985765	-2804578007	-2314272303	-6409984	-1712732322	-1391338480	-1209002550	-1228196438	-2517662777	-3983805	-3896928	-3228092	-3936527	-6359003	-13563641	-3820957	-2065656838	-2464653667	-3633774004	-1586912740	-3039118908	-73140384814	-3711590162	-3300960670	-2883364295	-2563270430	128556539888	137162260697	-954543298471	-1070796657	-1088353847	-1166538688	-1091419532
114885	117957	116695	117222	117723	-70272051397	121027	96440	98694	98422	95114	94739	112550	98202	98334	100641	100949	-1860396106	115463	-2076141043	-1958750128	-2290990417	-1672119209	68989650168	115620	-8206319	-5245168	-6958549	-7052619	-5842670	115157	-4490734	-1611110	-1829485	-3442839	-1233516	115740	95214	94864	96821	97303	98707	95689	115123	95446	94872	-4667817	-8407686	-3041598	-1482288675	-2795631118	-1864494240	-2951654643	-708479562	-5245107	-2367460550	-2220018990	-1575445837	-2645856045	-2183081229	-6050807	-1615817504	-1312553158	-1140454784	-1158701544	-2375037980	-3756095	-3679956	-3047527	-3714725	-6001751	-12807984	-3600009	-1948708517	-2325288042	-3428110210	-1497152083	-2867235847	-69002880569	-3501546762	-3114066865	-2720051922	-2418168599	121282446936	129401236447	-900532580080	-1010041998	-1026610907	-1100599927	-1029855834
134375	137994	136638	136998	137580	-82191679285	141632	112715	115588	115023	111110	110872	131602	114932	115102	117631	118001	-2175955921	134936	-2428251666	-2290990417	-2679624764	-1955741175	80691576267	135193	-9599192	-6134797	-8138950	-8247533	-6834746	134756	-5254365	-1884411	-2138911	-4025591	-1443722	135360	111346	110882	113155	113868	115534	111788	134684	111659	110966	-5457809	-9832704	-3558408	-1733756696	-3269856660	-2180767064	-3452342285	-828645916	-6135479	-2769081441	-2596612354	-1842654982	-3094661815	-2553350359	-7077238	-1889928089	-1535183055	-1333867500	-1355241734	-2777890276	-4391233	-4304020	-3566990	-4345845	-7020321	-14979755	-4209947	-2279219810	-2719739302	-4009550433	-1751102787	-3353571102	-80707050802	-4095471912	-3642260279	-3181379950	-2828325248	141854334125	151350272612	-1053280915757	-1181316941	-1200739463	-1287325501	-1204579593
98068	100959	99454	99912	100487	-59990987970	103361	82310	84133	84073	81144	80845	96011	83856	83758	85946	86365	-1588153217	98501	-1772438253	-1672119209	-1955741175	-1427512436	58895425878	98561	-7001942	-4476057	-5939371	-6020743	-4988415	98394	-3833574	-1374843	-1559533	-2936644	-1049066	98549	81195	80860	82838	83175	84287	81682	98388	81530	80647	-3986843	-7172403	-2596293	-1265371170	-2386611416	-1591689071	-2519838804	-604866528	-4477480	-2021054357	-1895214188	-1344968184	-2258763402	-1863803221	-5163984	-1379405048	-1120556241	-973664132	-989175775	-2027648658	-3204817	-3140774	-2601011	-3171525	-5123790	-10927616	-3074645	-1663609465	-1985032819	-2926561862	-1278085221	-2447673515	-58906717163	-2989239953	-2658499585	-2322153673	-2064411559	103537756182	110468684004	-768776656823	-862356635	-876469027	-939564367	-879076611
-4045727	-4158742	-4108201	-4126346	-4144896	2475111765805	-4264476	-3397084	-3474014	-3467903	-3348706	-3334945	-3961900	-3459021	-3460049	-3544469	-3559204	65525367626	-4065570	73126371208	68989650168	80691576267	58895425878	-2429925147812	-4069369	288928216	184696463	245042622	248363750	205778296	-4057022	158125120	56715881	64380657	121202864	43368982	-4072570	-3352319	-3338038	-3412470	-3428907	-3477216	-3369978	-4055850	-3361834	-3335996	164435915	296025135	107122925	52208035278	98467286946	65670686529	103963238463	24954690726	184735306	83385898680	78193082310	55490267959	93192047760	76894263355	213088477	56912079371	46231059959	40169987907	40811479072	83654797513	132283942	129587647	107336327	130841067	211379952	450986445	126835842	68637264227	81899950258	120744236193	52731953939	100988048959	2430391048491	123330697721	109683807653	95806272632	85172767281	-4271777703893	-4557735682087	31718317297247	35576898595	36160448856	38764848542	36271485600
-7	-7	-7	-7	-7	4142239	-6	-6	-6	-6	-6	-6	-6	-6	-6	-6	-6	109807	-6	122323	115620	135193	98561	-4069369	-12	526	302	406	412	340	-6	261	99	118	215	81	-7	-6	-6	-5	-6	-6	-6	-7	-6	-6	280	504	175	87423	164787	109963	173859	41706	308	139531	130844	92932	155974	128457	364	95165	77329	67179	68362	139790	231	224	189	224	364	784	175	114863	137158	202118	88319	169113	4070185	206409	183533	160202	142520	-7151424	-7629979	53098801	59486	60319	64827	60956
509	496	490	489	510	-294161408	481	412	433	405	420	426	504	432	412	412	398	-7794986	483	-8684949	-8206319	-9599192	-7001942	288928216	526	-37750	-24024	-31519	-31881	-26202	526	-21175	-8257	-9149	-15809	-6285	491	419	426	418	425	430	407	515	431	432	-19649	-36470	-12705	-6209322	-11701956	-7804720	-12352326	-2962498	-21938	-9910131	-9293970	-6595687	-11075330	-9128042	-25459	-6761545	-5493054	-4769583	-4852225	-9934680	-15120	-15841	-12712	-15624	-25669	-55741	-14392	-8154713	-9739065	-14350665	-6270250	-12007128	-288986789	-14657153	-13031592	-11379571	-10121727	507806096	541793413	-3770466210	-4223604	-4287500	-4610018	-4321065
313	307	315	321	328	-188065876	341	271	264	250	265	250	301	256	264	264	271	-4981646	315	-5555172	-5245168	-6134797	-4476057	184696463	302	-24024	-16344	-20632	-20867	-17546	351	-13750	-5555	-6075	-10333	-4203	309	277	271	270	270	282	258	333	283	277	-12495	-23226	-8057	-3968615	-7481474	-4989250	-7898611	-1894732	-14007	-6336386	-5941593	-4215988	-7080696	-5838154	-16219	-4323837	-3512215	-3050369	-3101448	-6353662	-9716	-9730	-8022	-9919	-15869	-35721	-9814	-5213992	-6224967	-9174207	-4007577	-7675276	-184734053	-9370697	-8331932	-7277431	-6470590	324634947	346363913	-2410426522	-2700733	-2744196	-2946958	-2759484
431	424	412	425	425	-249520681	417	352	353	360	347	339	432	359	346	346	346	-6609345	419	-7369940	-6958549	-8138950	-5939371	245042622	406	-31519	-20632	-27212	-27402	-22685	455	-18101	-7145	-7879	-13451	-5359	413	359	353	359	365	364	347	437	365	365	-16632	-30856	-10773	-5264574	-9925566	-6619214	-10478944	-2514302	-18522	-8405222	-7882777	-5594085	-9394084	-7747810	-21476	-5735793	-4660096	-4047918	-4114733	-8430716	-12782	-13202	-10675	-13055	-21861	-46998	-12859	-6918268	-8258432	-12172958	-5317480	-10183320	-245092015	-12432756	-11054995	-9656542	-8586270	430711127	459539640	-3198042281	-3584938	-3641043	-3909514	-3659663
437	423	403	438	438	-252891711	416	364	350	358	359	365	438	356	344	365	358	-6698829	431	-7471044	-7052619	-8247533	-6020743	248363750	412	-31881	-20867	-27402	-28078	-22966	461	-18322	-7258	-8074	-13734	-5381	419	364	358	370	363	369	352	443	376	370	-16947	-31437	-10857	-5333958	-10058160	-6707176	-10619644	-2548833	-18725	-8516214	-7988043	-5670665	-9520518	-7854084	-21784	-5811274	-4724132	-4104226	-4170628	-8545558	-13013	-13433	-10528	-13489	-22113	-47670	-13055	-7012600	-8368535	-12338802	-5388922	-10320751	-248413774	-12600973	-11205173	-9789276	-8703450	436540853	465757159	-3241311339	-3636241	-3689896	-3961356	-3706899
366	359	346	352	346	-209574143	373	313	278	292	280	279	332	277	313	300	293	-5548640	353	-6190841	-5842670	-6834746	-4988415	205778296	340	-26202	-17546	-22685	-22966	-19740	383	-15148	-6125	-6631	-11148	-4619	334	299	299	305	305	311	287	364	311	305	-13790	-25557	-9121	-4421592	-8337721	-5559540	-8803613	-2112586	-15540	-7061642	-6621706	-4697301	-7890904	-6509678	-17948	-4819458	-3914652	-3400250	-3455494	-7083797	-10815	-10507	-9219	-11179	-18053	-39207	-11018	-5809902	-6936041	-10221386	-4464985	-8550640	-205819698	-10441662	-9285451	-8110690	-7211148	361727499	385940842	-2685851651	-3010462	-3060981	-3284764	-3071712
-7	-7	-7	-7	-7	4132600	-6	-6	-6	-6	-6	-6	-6	-6	-6	-6	-6	109394	-6	122040	115157	134756	98394	-4057022	-6	526	351	455	461	383	-12	316	98	111	208	74	-7	-6	-5	-6	-6	-6	-6	-7	-6	-5	280	504	182	87199	164409	109599	173628	41678	315	139265	130592	92603	155589	128415	364	95053	77210	67060	68138	139734	182	224	175	217	357	784	217	114527	136787	201558	88039	168546	4057844	205877	183099	159936	142198	-7132279	-7609756	52958073	59388	60368	64827	60515
288	274	268	260	288	-160973014	259	219	240	226	241	234	288	246	233	219	206	-4266049	274	-4751197	-4490734	-5254365	-3833574	158125120	261	-21175	-13750	-18101	-18322	-15148	316	-12786	-5061	-5459	-9049	-3763	263	239	239	239	239	238	227	293	245	245	-10794	-20286	-6979	-3398640	-6403411	-4269783	-6760152	-1621039	-12026	-5422998	-5086634	-3609123	-6060957	-4995137	-13930	-3700032	-3006451	-2609607	-2655310	-5437586	-7693	-8890	-7028	-8624	-14301	-30800	-8155	-4460890	-5330087	-7852194	-3431267	-6569570	-158157671	-8019914	-7130340	-6226213	-5539296	277898404	296497341	-2063394998	-2311232	-2344895	-2524921	-2364397
105	112	92	98	91	-57726019	104	91	70	84	85	91	112	90	77	77	70	-1530044	105	-1704366	-1611110	-1884411	-1374843	56715881	99	-8257	-5555	-7145	-7258	-6125	98	-5061	-2652	-2754	-3843	-1817	93	97	97	90	90	96	78	117	103	103	-3871	-7567	-2415	-1218161	-2296084	-1530991	-2423631	-581469	-4116	-1943900	-1823710	-1294335	-2173024	-1791461	-4830	-1326220	-1078098	-936145	-952168	-1949696	-3045	-3108	-2527	-3150	-5257	-11396	-3003	-1600235	-1911021	-2815974	-1230712	-2356648	-56728343	-2875985	-2556673	-2233448	-1986236	99666245	106335397	-740013337	-828982	-841183	-904736	-847504
118	111	104	139	97	-65505878	110	103	82	103	103	103	132	102	89	82	75	-1737600	118	-1934528	-1829485	-2138911	-1559533	64380657	118	-9149	-6075	-7879	-8074	-6631	111	-5459	-2754	-3286	-4463	-2035	112	109	109	102	95	108	96	130	115	115	-4403	-8743	-2611	-1382374	-2604868	-1737302	-2748907	-659169	-4515	-2205154	-2068591	-1469272	-2465435	-2031372	-5754	-1504027	-1222823	-1062166	-1080674	-2210607	-3535	-3640	-2828	-3556	-5943	-12999	-3430	-1816682	-2168761	-3196970	-1397011	-2676016	-64394631	-3264261	-2901290	-2534903	-2253783	113116388	120684494	-839871613	-940653	-953442	-1025619	-962850
201	201	222	221	215	-123364891	200	178	164	178	185	191	222	184	164	150	185	-3270921	221	-3643752	-3442839	-4025591	-2936644	121202864	215	-15809	-10333	-13451	-13734	-11148	208	-9049	-3843	-4463	-7582	-3002	215	191	184	177	177	183	184	227	197	190	-8365	-15855	-4865	-2602726	-4905733	-3271303	-5178600	-1242297	-9226	-4153877	-3896221	-2765224	-4643212	-3827978	-10836	-2833943	-2303196	-2000376	-2034249	-4165798	-6608	-6818	-5306	-6615	-10801	-23793	-6363	-3421782	-4083128	-6020616	-2630089	-5038516	-121227610	-6147638	-5463990	-4775869	-4244926	212990204	227244269	-1581444522	-1771644	-1798153	-1932658	-1810011
81	60	88	80	73	-44104204	73	78	71	64	50	70	87	56	78	57	50	-1171941	87	-1299253	-1233516	-1443722	-1049066	43368982	81	-6285	-4203	-5359	-5381	-4619	74	-3763	-1817	-2035	-3002	-1806	80	70	77	70	70	76	76	86	76	83	-2702	-6020	-1974	-934108	-1754872	-1170554	-1851234	-441980	-3325	-1488361	-1394337	-986881	-1660120	-1362669	-3927	-1014874	-821737	-711263	-727328	-1485799	-2359	-2366	-2037	-2443	-3983	-9051	-2275	-1221682	-1463665	-2150589	-941444	-1804292	-43378482	-2198175	-1951089	-1703324	-1515927	76175309	81274382	-565607392	-627739	-640136	-693399	-652729
-7	-7	-7	-7	-7	4145469	-7	-5	-6	-6	-6	-6	-7	-6	-5	-6	-6	109977	-7	122332	115740	135360	98549	-4072570	-7	491	309	413	419	334	-7	263	93	112	215	80	-12	-5	-5	-5	-5	-5	-5	-7	-6	-6	280	525	182	87584	164927	110026	174041	41678	315	139727	130977	92890	156030	128422	364	95312	77343	67088	68348	139825	224	224	175	217	357	777	210	114982	137319	202279	88431	169421	4073356	206612	183568	160335	142590	-7156842	-7635957	53140304	59339	60368	64974	61054
-5	-6	-6	-6	-6	3413824	-6	-5	-4	-5	-5	-5	-6	-5	-5	-4	-5	90449	-6	100836	95214	111346	81195	-3352319	-6	419	277	359	364	299	-6	239	97	109	191	70	-5	-10	-4	-4	-4	-4	-5	-5	-5	-5	231	434	140	72037	135786	90538	143374	34391	252	115038	107842	76454	128478	105980	294	78505	63728	55328	56252	115325	182	189	147	182	294	651	182	94703	113008	166537	72772	139426	3352986	170135	151214	132174	117425	-5892516	-6287001	43752639	48951	49882	53508	50029
-6	-5	-6	-6	-6	3394893	-6	-5	-5	-4	-5	-5	-6	-5	-5	-5	-4	90130	-6	100263	94864	110882	80860	-3338038	-6	426	271	353	358	299	-5	239	97	109	184	77	-5	-4	-10	-4	-4	-4	-5	-6	-4	-5	224	427	147	71673	134939	89978	142450	34125	252	114254	107184	76153	127778	105196	294	77924	63399	55006	56007	114548	182	182	154	182	294	644	168	94150	112406	165732	72387	138726	3338706	169197	150367	131383	116851	-5863564	-6255830	43535765	48755	49294	53214	49931
-6	-6	-5	-6	-6	3476437	-6	-5	-5	-5	-4	-5	-6	-5	-5	-5	-5	91923	-6	102897	96821	113155	82838	-3412470	-5	418	270	359	370	305	-6	239	90	102	177	70	-5	-4	-4	-10	-4	-4	-5	-6	-5	-4	231	420	154	73136	138250	92190	145999	35126	259	116914	109746	78134	130928	108255	301	79793	65037	56651	57379	117635	182	182	147	189	301	623	182	96425	114884	169659	74004	141617	3413137	173201	154196	134680	119742	-5999791	-6401171	44547272	50323	50813	54292	50764
-6	-6	-6	-5	-6	3494534	-6	-5	-5	-5	-5	-4	-6	-5	-5	-5	-5	92427	-5	103209	97303	113868	83175	-3428907	-6	425	270	365	363	305	-6	239	90	95	177	70	-5	-4	-4	-4	-10	-4	-5	-6	-5	-5	238	413	154	73696	139041	92729	146839	35266	266	117768	110453	78281	131586	108668	301	80430	65268	56721	57596	118223	182	182	154	182	308	644	175	96880	115640	170401	74431	142506	3429580	174118	154854	135268	120288	-6029625	-6433357	44771202	50225	51156	54782	51107
-6	-6	-6	-6	-5	3543652	-6	-5	-5	-5	-5	-5	-5	-5	-5	-5	-5	93707	-6	104651	98707	115534	84287	-3477216	-6	430	282	364	369	311	-6	238	96	108	183	76	-5	-4	-4	-4	-4	-10	-5	-6	-5	-5	231	413	154	74795	141078	94101	148918	35763	259	119511	112014	79401	133462	110152	301	81585	66171	57505	58429	119826	189	182	154	189	301	651	182	98203	117257	172774	75481	144501	3477901	176519	157031	137095	121856	-6114437	-6523881	45401195	50862	51891	55517	51940
-6	-6	-6	-6	-6	3431235	-5	-5	-5	-5	-5	-5	-6	-4	-5	-5	-5	90899	-6	101502	95689	111788	81682	-3369978	-6	407	258	347	352	287	-6	227	78	96	184	76	-5	-5	-5	-5	-5	-5	-10	-5	-4	-4	238	420	154	72254	136388	90979	143976	34594	266	115430	108283	76937	129122	106638	308	78799	64057	55762	56574	115941	182	189	147	182	301	644	182	95263	113470	167559	73115	140070	3370633	171045	152096	132979	118111	-5923176	-6319544	43979117	49441	50127	53606	50176
-7	-7	-7	-7	-7	4130291	-7	-5	-6	-6	-6	-6	-7	-6	-5	-6	-6	109354	-7	122023	115123	134684	98388	-4055850	-7	515	333	437	443	364	-7	293	117	130	227	86	-7	-5	-6	-6	-6	-6	-5	-12	-5	-5	287	504	175	87087	164311	109571	173453	41657	308	139055	130487	92666	155540	128352	357	94892	77182	67102	68145	139629	217	224	182	217	357	784	210	114485	136626	201509	88004	168434	4056661	205751	183029	159859	142163	-7129339	-7606445	52935043	59486	60270	64680	60515
-5	-6	-6	-6	-6	3422667	-6	-5	-4	-5	-5	-5	-6	-5	-5	-4	-5	90673	-6	101093	95446	111659	81530	-3361834	-6	431	283	365	376	311	-6	245	103	115	197	76	-6	-5	-4	-5	-5	-5	-4	-5	-10	-4	238	427	140	72212	136129	90720	143766	34510	252	115283	108136	76706	128870	106316	294	78659	63959	55538	56441	115710	182	182	147	189	294	651	175	94871	113253	166936	72898	139685	3362513	170499	151592	132503	117796	-5908560	-6303997	43870974	49196	49931	53704	50127
-6	-5	-6	-6	-6	3395700	-6	-5	-5	-4	-5	-5	-6	-5	-5	-5	-4	90102	-6	100122	94872	110966	80647	-3335996	-6	432	277	365	370	305	-5	245	103	115	190	83	-6	-5	-5	-4	-5	-5	-4	-5	-4	-10	231	434	147	71848	135163	90237	142555	34083	252	114590	107331	76055	127841	105035	294	78155	63266	54859	56014	114408	182	182	147	182	301	658	168	94157	112616	165627	72457	138831	3336669	169281	150353	131173	116704	-5862367	-6254885	43529150	48412	49441	53214	50225
39	42	39	40	41	-23928720	41	31	32	33	36	33	39	35	31	34	35	-633343	39	-707355	-666831	-779687	-569549	23490845	40	-2807	-1785	-2376	-2421	-1970	40	-1542	-553	-629	-1195	-386	40	33	32	33	34	33	34	41	34	33	-1668	-2863	-1022	-504304	-951786	-634771	-1004935	-241444	-1786	-805647	-755740	-536723	-900921	-743908	-2060	-549898	-447087	-388814	-394615	-808987	-1269	-1280	-1020	-1263	-2052	-4382	-1221	-663769	-791383	-1167627	-509723	-976080	-23495360	-1192317	-1060618	-926645	-823605	41297938	44062083	-306638052	-344610	-349741	-374395	-350168
72	70	73	74	74	-43058777	70	61	62	60	61	62	76	60	60	59	62	-1140989	73	-1271651	-1201098	-1404672	-1024629	42289305	72	-5210	-3318	-4408	-4491	-3651	72	-2898	-1081	-1249	-2265	-860	75	62	61	60	59	59	60	72	61	62	-2863	-5350	-1839	-908663	-1712698	-1142234	-1808083	-433678	-3215	-1450517	-1360211	-965179	-1620936	-1336424	-3743	-989754	-803988	-698182	-710014	-1454358	-2286	-2325	-1845	-2288	-3738	-8052	-2193	-1194124	-1425289	-2100882	-917779	-1758005	-42297590	-2145748	-1907573	-1666488	-1481629	74328560	79303763	-551892838	-618226	-628103	-674646	-631876
27	27	24	25	26	-15588826	28	21	23	21	20	20	25	21	23	25	20	-412663	25	-460366	-434514	-508344	-370899	15303275	25	-1815	-1151	-1539	-1551	-1303	26	-997	-345	-373	-695	-282	26	20	21	22	22	22	22	25	20	21	-1022	-1839	-746	-328998	-620308	-413752	-654873	-157098	-1164	-525413	-492608	-349488	-587029	-484117	-1330	-358608	-291147	-252868	-257076	-526806	-817	-800	-677	-822	-1336	-2821	-793	-432151	-516029	-760291	-332129	-635953	-15306193	-776759	-690824	-603068	-536404	26903759	28704859	-199763697	-223874	-227661	-244251	-228760
12418	12751	12642	12660	12700	-7596987328	13101	10417	10702	10618	10261	10245	12156	10622	10645	10870	10902	-201122484	12465	-224440616	-211755525	-247679528	-180767310	7458290754	12489	-887046	-566945	-752082	-761994	-631656	12457	-485520	-174023	-197482	-371818	-133444	12512	10291	10239	10448	10528	10685	10322	12441	10316	10264	-504304	-908663	-328998	-160254562	-302236253	-201571078	-319102803	-76591359	-567154	-255951639	-240007689	-170315093	-286041081	-236004559	-654107	-174690114	-141896058	-123287057	-125265055	-256760076	-405850	-397738	-329871	-401745	-648813	-1384428	-389127	-210666594	-251388504	-370599697	-161854637	-309970189	-7459720817	-378544598	-336653980	-294051216	-261420285	13111575825	13989289094	-97354639851	-109184551	-110985924	-118989626	-111342777
23424	24100	23799	23871	23926	-14328563597	24716	19667	20133	20053	19371	19287	22896	20032	20019	20517	20610	-379318557	23526	-423332082	-399375874	-467122380	-340944488	14066755278	23541	-1671708	-1068782	-1417938	-1436880	-1191103	23487	-914773	-328012	-372124	-700819	-250696	23561	19398	19277	19750	19863	20154	19484	23473	19447	19309	-951786	-1712698	-620308	-302236253	-570040592	-380177604	-601856831	-144467574	-1069434	-482734592	-452668947	-321234348	-539497292	-445153745	-1233239	-329476065	-267634091	-232547963	-236259298	-484289030	-765832	-749806	-621768	-757584	-1223537	-2609816	-734440	-397342277	-474123158	-698986479	-305265771	-584615564	-14069451552	-713966173	-634969155	-554624153	-493066413	24729377507	26384804004	-183617841946	-205954238	-209347565	-224411551	-209974758
15623	16067	15873	15928	15951	-9556133168	16481	13112	13440	13371	12927	12856	15266	13363	13351	13692	13733	-252978893	15695	-282332007	-266356320	-311538152	-227384153	9381526647	15709	-1114960	-712750	-945602	-958168	-794220	15657	-609969	-218713	-248186	-467329	-167222	15718	12934	12854	13170	13247	13443	12997	15653	12960	12891	-634771	-1142234	-413752	-201571078	-380177604	-253553648	-401395051	-96348729	-713226	-321950707	-301898090	-214241419	-359806804	-296883411	-822494	-219737662	-178491888	-155092344	-157568825	-322983605	-510844	-500105	-414686	-505215	-815986	-1740625	-489715	-264998956	-316207723	-466174456	-203591224	-389897576	-9383324873	-476165207	-423479862	-369892472	-328839085	16492737370	17596789215	-122460051819	-137355456	-139619207	-149664956	-140042028
24726	25454	25115	25194	25274	-15128345456	26101	20776	21240	21182	20441	20358	24175	21140	21131	21656	21779	-400488536	24834	-446964468	-421664949	-493191755	-359976972	14851891209	24837	-1764618	-1128373	-1496992	-1517092	-1257659	24804	-965736	-346233	-392701	-739800	-264462	24863	20482	20350	20857	20977	21274	20568	24779	20538	20365	-1004935	-1808083	-654873	-319102803	-601856831	-401395051	-635452024	-152533563	-1129113	-509676796	-477934658	-339164330	-569609930	-470007824	-1301970	-347865435	-282574729	-245531230	-249445561	-511326414	-808517	-791523	-656368	-799845	-1291766	-2755103	-775638	-419522043	-500583710	-738002516	-322303132	-617244875	-14854737664	-753817394	-670412442	-585587325	-520590331	26109678995	27857504973	-193866701672	-217454706	-221036193	-236937785	-221686717
5935	6130	6012	6044	6059	-3631382575	6266	4991	5082	5094	4909	4883	5797	5075	5051	5199	5247	-96127713	5960	-107293913	-101211366	-118377988	-86409504	3564955818	5958	-423214	-270676	-359186	-364119	-301798	5954	-231577	-83067	-94167	-177471	-63140	5954	4913	4875	5018	5038	5109	4942	5951	4930	4869	-241444	-433678	-157098	-76591359	-144467574	-96348729	-152533563	-36617276	-270944	-122337897	-114720871	-81413955	-136727940	-112829642	-312369	-83499442	-67831015	-58942683	-59876015	-122744233	-194145	-189937	-157421	-191966	-310072	-660896	-186319	-100703453	-120153724	-177150059	-77363103	-148157627	-3565638816	-180944457	-160927939	-140569636	-124963770	6267270671	6686811115	-46535036366	-52205062	-53062926	-56870751	-53203871
44	45	46	42	47	-26880499	46	36	39	36	36	37	42	37	38	39	40	-711743	45	-793970	-749301	-876497	-639640	26390758	44	-3134	-2001	-2646	-2675	-2220	45	-1718	-588	-645	-1318	-475	45	36	36	37	38	37	38	44	36	36	-1786	-3215	-1164	-567154	-1069434	-713226	-1129113	-270944	-2070	-905749	-849306	-602522	-1012115	-834846	-2320	-618184	-502037	-436065	-443224	-908427	-1419	-1410	-1170	-1421	-2288	-4915	-1369	-745328	-889635	-1311247	-572743	-1096824	-26395803	-1339423	-1191067	-1040291	-924966	46393533	49499313	-344476972	-386141	-392574	-421190	-394128
19832	20392	20180	20212	20256	-12133966835	20938	16663	17066	16969	16385	16336	19387	16956	16980	17361	17446	-321223789	19914	-358487097	-338208650	-395583063	-288722051	11912271240	19933	-1415733	-905198	-1200746	-1216602	-1008806	19895	-774714	-277700	-315022	-593411	-212623	19961	16434	16322	16702	16824	17073	16490	19865	16469	16370	-805647	-1450517	-525413	-255951639	-482734592	-321950707	-509676796	-122337897	-905749	-408805358	-383340512	-272029011	-456867035	-376964805	-1044425	-279017437	-226639921	-196923474	-200072665	-410110037	-648484	-634854	-526803	-641625	-1036080	-2210341	-621931	-336481646	-401511385	-591923937	-258511843	-495078363	-11914554577	-604613622	-537711894	-469670212	-417543890	20941772354	22343656509	-155494578778	-174399386	-177281377	-190045527	-177822225
18600	19137	18902	18948	19011	-11378312975	19625	15617	15990	15922	15376	15325	18190	15907	15906	16285	16367	-301218881	18677	-336165498	-317145570	-370944622	-270744884	11170440330	18692	-1327710	-848799	-1126111	-1141149	-945958	18656	-726662	-260530	-295513	-556603	-199191	18711	15406	15312	15678	15779	16002	15469	18641	15448	15333	-755740	-1360211	-492608	-240007689	-452668947	-301898090	-477934658	-114720871	-849306	-383340512	-359465314	-255090896	-428414649	-353494025	-979370	-261637190	-212528037	-184664148	-187613331	-384573161	-608012	-595474	-493789	-601633	-971688	-2072606	-583160	-315528498	-376502893	-555064553	-242412053	-464244852	-11172581582	-566960398	-504227084	-440425759	-391544150	19637622811	20952199120	-145811111159	-163545984	-166240536	-178208121	-166742548
13197	13584	13375	13468	13512	-8074667987	13916	11069	11339	11311	10941	10861	12911	11296	11257	11590	11606	-213760482	13264	-238569395	-225063691	-263236426	-192138312	7927181137	13276	-942241	-602284	-799155	-810095	-671043	13229	-515589	-184905	-209896	-395032	-140983	13270	10922	10879	11162	11183	11343	10991	13238	10958	10865	-536723	-965179	-349488	-170315093	-321234348	-214241419	-339164330	-81413955	-602522	-272029011	-255090896	-181033912	-304026084	-250864694	-695018	-185664600	-150824492	-131055832	-133142527	-272915481	-431565	-422778	-350006	-426810	-689493	-1470572	-413735	-223919377	-267180667	-393910817	-172027695	-329449859	-7928700677	-402346374	-357832228	-312555935	-277865018	13935957425	14868843254	-103475657054	-116074182	-117971784	-126458178	-118324465
22165	22806	22509	22595	22669	-13560892832	23386	18609	19049	18986	18337	18251	21674	18956	18943	19426	19506	-358997127	22266	-400654001	-377979435	-442094545	-322680486	13313149680	22282	-1582190	-1011528	-1342012	-1360074	-1127272	22227	-865851	-310432	-352205	-663316	-237160	22290	18354	18254	18704	18798	19066	18446	22220	18410	18263	-900921	-1620936	-587029	-286041081	-539497292	-359806804	-569609930	-136727940	-1012115	-456867035	-428414649	-304026084	-510592768	-421305786	-1167214	-311820521	-253296809	-220091373	-223601951	-458343622	-724739	-709705	-588297	-716951	-1157957	-2469919	-695037	-376055026	-448719264	-661540275	-288910274	-553293561	-13315701503	-675714626	-600950882	-524912242	-466652123	23404505648	24971237965	-173780515139	-194924933	-198129253	-212387210	-198722622
18287	18876	18528	18630	18680	-11189551551	19302	15387	15657	15707	15127	15037	17872	15634	15573	16022	16155	-296204393	18375	-330610329	-311868747	-364764337	-266257603	10984894765	18351	-1304006	-834022	-1106830	-1122012	-929954	18345	-713591	-255923	-290196	-546854	-194667	18346	15140	15028	15465	15524	15736	15234	18336	15188	15005	-743908	-1336424	-484117	-236004559	-445153745	-296883411	-470007824	-112829642	-834846	-376964805	-353494025	-250864694	-421305786	-347665890	-962560	-257290099	-209010457	-181622400	-184498663	-378216350	-598215	-585270	-485048	-591464	-955468	-2036548	-574184	-310302920	-370235695	-545862126	-238382977	-456527110	-10986999282	-557553513	-495874624	-433144530	-385056954	19311661565	20604411817	-143390778230	-160861596	-163504089	-175238224	-163940266
51	50	53	52	53	-31000790	52	42	45	43	43	42	50	43	44	44	45	-821093	51	-915712	-864401	-1011034	-737712	30441211	52	-3637	-2317	-3068	-3112	-2564	52	-1990	-690	-822	-1548	-561	52	42	42	43	43	43	44	51	42	42	-2060	-3743	-1330	-654107	-1233239	-822494	-1301970	-312369	-2320	-1044425	-979370	-695018	-1167214	-962560	-2722	-712733	-578949	-502894	-511218	-1047398	-1645	-1642	-1346	-1642	-2643	-5697	-1579	-859634	-1026024	-1512426	-660603	-1265171	-30447060	-1544762	-1373603	-1199759	-1066757	53509331	57091131	-397310165	-445375	-452445	-485660	-454748
13536	13927	13774	13789	13813	-8281662317	14295	11376	11643	11585	11182	11143	13227	11570	11585	11847	11914	-219238147	13594	-244676046	-230831072	-269989727	-197057864	8130297053	13595	-965935	-617691	-819399	-830182	-688494	13579	-528576	-189460	-214861	-404849	-144982	13616	11215	11132	11399	11490	11655	11257	13556	11237	11165	-549898	-989754	-358608	-174690114	-329476065	-219737662	-347865435	-83499442	-618184	-279017437	-261637190	-185664600	-311820521	-257290099	-712733	-190435694	-154686540	-134405878	-136552792	-279911018	-442633	-433195	-359578	-437912	-707122	-1508332	-424622	-229655637	-274037215	-403998484	-176438254	-337897898	-8131855218	-412659923	-366999867	-320560827	-284981736	14293111647	15249922950	-106127676025	-119032599	-121002028	-129708677	-121363025
10993	11329	11146	11206	11255	-6727355415	11600	9236	9432	9426	9097	9056	10755	9400	9380	9645	9690	-178090902	11044	-198762640	-187507594	-219311865	-160079463	6604437137	11047	-784722	-501745	-665728	-674876	-559236	11030	-429493	-154014	-174689	-329028	-117391	11049	9104	9057	9291	9324	9453	9151	11026	9137	9038	-447087	-803988	-291147	-141896058	-267634091	-178491888	-282574729	-67831015	-502037	-226639921	-212528037	-150824492	-253296809	-209010457	-578949	-154686540	-125659298	-109188596	-110925343	-227382234	-359514	-352059	-291640	-355643	-574450	-1224993	-344892	-186556909	-222598386	-328182264	-143322554	-274477690	-6605702929	-335211471	-298124810	-260406759	-231501971	11610613788	12387842167	-86209806396	-96706526	-98291046	-105360248	-98575603
9552	9859	9665	9745	9769	-5845453328	10078	8030	8179	8207	7918	7850	9336	8168	8124	8387	8433	-154738652	9603	-172714650	-162922112	-190552500	-139094876	5738569701	9597	-681369	-435767	-578274	-586318	-485750	9580	-372801	-133735	-151738	-285768	-101609	9584	7904	7858	8093	8103	8215	7966	9586	7934	7837	-388814	-698182	-252868	-123287057	-232547963	-155092344	-245531230	-58942683	-436065	-196923474	-184664148	-131055832	-220091373	-181622400	-502894	-134405878	-109188596	-94882842	-96383773	-197580493	-312555	-305844	-253219	-308924	-499079	-1063946	-299862	-162104221	-193410377	-285162994	-124531861	-238490295	-5739669232	-291267888	-259048239	-226277285	-201156186	10088495226	10763828288	-74907924525	-84039235	-85413048	-91541611	-85642648
9706	9984	9852	9903	9934	-5938668925	10235	8144	8347	8309	8039	7999	9497	8305	8293	8517	8534	-157215973	9751	-175456634	-165528792	-193605962	-141310825	5830211296	9766	-693175	-443064	-587819	-595804	-493642	9734	-379330	-136024	-154382	-290607	-103904	9764	8036	8001	8197	8228	8347	8082	9735	8063	8002	-394615	-710014	-257076	-125265055	-236259298	-157568825	-249445561	-59876015	-443224	-200072665	-187613331	-133142527	-223601951	-184498663	-511218	-136552792	-110925343	-96383773	-97922034	-200718567	-317363	-310937	-257547	-313974	-507138	-1081829	-304244	-164684229	-196506426	-289707150	-126521898	-242302424	-5831329027	-295913344	-263172226	-229871755	-204359447	10249475025	10935587307	-76103235733	-85363474	-86763061	-93009133	-87028235
19898	20512	20178	20262	20339	-12173236163	21002	16732	17053	17069	16447	16373	19450	17005	16974	17425	17559	-322250957	19983	-359666111	-339291140	-396841468	-289664094	11950685359	19970	-1419240	-907666	-1204388	-1220794	-1011971	19962	-776798	-278528	-315801	-595114	-212257	19975	16475	16364	16805	16889	17118	16563	19947	16530	16344	-808987	-1454358	-526806	-256760076	-484289030	-322983605	-511326414	-122744233	-908427	-410110037	-384573161	-272915481	-458343622	-378216350	-1047398	-279911018	-227382234	-197580493	-200718567	-411458316	-650612	-636772	-527892	-643546	-1039472	-2216184	-624449	-337578309	-402791287	-593846894	-259341979	-496667089	-11952975318	-606568804	-539461986	-471214058	-418905281	21009445209	22415849674	-155996986103	-174992349	-177869398	-190650411	-178364529
