18	9	-6106	12	6	9	12	-3647	-3798	12	6	9	8	10	-1477	8	-5771	-5817	12	-9163	-4098	-2632	-1643	2207	-2680	-5032	71	12	6	9	9	970	1629	8	10	9	9	-7243	-6859	-4856	-4379	-289	-1883	-4633	254	9	9	-2877	-10107	9	9	-6446	-8785	-735	-2074	-5707	451	12	6	9	8	10	2102	8	-404	-4337	8	434	-7231	-40	4725	-4203	-8022	-6067	418	8	10	9	9	-2293	3354	581	-2958	-3722	-4690	1255	-6045	9	9	-9728	-3592	-2169	-89209	1849	-1782	8	10	960	812	7238	-4252	-15264	6844	-1068	-272	-536	-712	2704	184	-232	-56	-168	-552	64	-3528	-4600	-5424	-5280	-5400	88896	-5544	512	-6272	-1328	-72	-3832	-5808	-2336	-3912	-6248	-30392	-4264	-2304	-4904	-4656	43568	-2560	-816	-4912	10624	-4448
9	18	-8261	12	9	6	12	-4180	-6356	12	9	6	8	9	-1818	8	-7140	-9217	12	-12248	-3884	-4416	-3416	1213	-4464	-6232	-2921	12	9	6	9	-13	-106	8	9	10	9	-8784	-9226	-7538	-6497	-6392	-1590	-8470	-751	9	6	-6363	-12981	9	10	-6372	-10409	-2670	-3032	-9271	-1997	12	9	6	8	9	480	8	-1830	-4051	8	-4862	-7051	-40	2233	-5013	-9714	-10228	-1495	8	9	10	9	-5844	1877	-1118	-2977	-6846	-4857	2164	-7322	9	10	-10393	-3829	-4044	-111027	5114	2221	8	9	-700	-1530	23582	-4764	-33300	20264	-2800	-2648	-312	-768	10832	24	-152	-416	-24	-376	-16	-2912	-5408	-6312	-5888	-6168	101552	-7248	248	-7928	-2952	104	-5472	-7512	-1160	-4792	-7472	-39344	-4936	-4056	-3136	-3520	49792	-3984	-2352	-9744	12960	-8320
-6106	-8261	4941890	-7201	-5030	-3768	-7337	2539169	4040788	-6640	-4939	-3897	-4484	-4955	1266543	-4313	4329513	5700130	-7419	7460778	2348075	2674225	2230729	-558366	2702537	3777124	2005612	-6361	-5826	-3678	-5492	121745	242700	-4457	-4841	-5809	-5356	5357596	5566285	4867693	4011313	4242585	1103005	5453343	533103	-5411	-2743	3939134	8005802	-4830	-5602	3801986	6225104	1925278	2024416	5819920	1397679	-6754	-4757	-3795	-4534	-4893	4036	-4141	1311574	2422076	-5123	3264701	4296558	23374	-1080018	3112561	5863855	6219448	1142506	-4658	-4769	-5683	-4861	3617065	-992843	856011	1833089	4205489	3035225	-1238352	4395798	-4897	-6052	6305362	2498861	2461851	68494841	-3415328	-2057338	-4905	-5207	600779	1462566	-16113068	2879492	21980032	-14202036	1870344	1963448	175552	457240	-7650624	7888	84456	232280	-17056	216224	29464	1728024	3255424	3830800	3582048	3737960	-60926528	4388480	-125376	4808280	1775448	-62520	3387248	4543832	685128	2942104	4520360	24318904	3018872	2409456	1870512	2109808	-30466448	2497088	1503296	6249360	-7878048	5059552
12	12	-7201	18	6	6	9	-4424	-5378	12	8	8	6	10	-1510	9	-6716	-7463	12	-10348	-3964	-3763	-2259	1861	-3802	-5860	-1435	12	9	9	6	418	1272	8	9	9	10	-8167	-8592	-5796	-5746	-2821	-2252	-6271	-162	9	9	-4620	-11526	9	9	-6758	-10128	-1533	-2843	-7309	-555	12	8	8	6	10	1709	9	-1409	-4476	9	-1816	-7027	-36	4276	-4525	-9481	-8040	-2	8	9	9	10	-3538	2872	-112	-3092	-4908	-4583	1700	-7119	9	9	-9968	-3616	-2647	-103700	2647	-1728	9	9	739	980	10710	-5120	-20188	9608	-2512	1364	-440	-776	2216	136	-152	-264	-152	-456	56	-3312	-5392	-6208	-6008	-6176	103608	-6624	384	-7336	-2480	72	-4752	-6920	-1960	-4704	-7096	-35144	-5072	-3656	-4256	-4152	48960	-2960	-912	-7888	12416	-6880
6	9	-5030	6	12	3	9	-2723	-4074	8	6	5	6	4	-1031	5	-4495	-5582	8	-7703	-2758	-2731	-2242	810	-2766	-3908	-1793	6	6	6	6	18	185	6	6	6	6	-6124	-5839	-5030	-4322	-3674	-1200	-5086	-370	6	3	-3864	-8293	6	7	-4225	-6714	-1943	-1928	-5854	-1117	8	6	5	6	4	345	5	-1187	-2764	5	-2760	-4512	-28	1993	-3628	-6405	-6439	-1035	6	6	6	6	-3200	1767	-706	-2129	-4112	-3442	1094	-4681	6	7	-6866	-2894	-2300	-73034	3066	2090	5	7	-397	-1700	16238	-3004	-22648	14964	-1628	-3016	-224	-464	9216	-64	-88	-208	24	-352	8	-1968	-3544	-4128	-3952	-4096	63728	-4672	256	-5160	-1832	-16	-3608	-4896	-880	-2976	-4736	-25280	-3184	-2448	-2464	-2416	32592	-2704	-1056	-6160	8416	-5120
9	6	-3768	6	3	12	9	-2150	-1714	8	5	6	6	7	-896	5	-3430	-3030	8	-5340	-2552	-1331	-579	1776	-1366	-3092	820	9	3	6	6	946	1247	5	7	6	6	-4094	-3805	-2220	-2101	1127	-872	-2256	322	3	6	-1103	-5808	7	6	-4157	-5281	310	-931	-2934	815	8	5	6	6	7	1893	5	279	-2838	5	1380	-4764	-28	3251	-2255	-4561	-3209	864	5	7	6	6	-1174	2213	888	-1724	-1944	-2798	1078	-3568	7	6	-6147	-1960	-1221	-49844	565	-3088	5	6	1006	2076	-1146	-2600	-3420	-1620	-156	1452	-400	-456	-2576	232	-248	64	-216	-328	16	-2400	-2744	-3232	-3040	-3256	55824	-3112	368	-3656	-448	-64	-2096	-3336	-1720	-2256	-3728	-17104	-2416	-1080	-3312	-3272	25584	-1184	-560	-1728	6176	-1984
12	12	-7337	9	9	9	18	-3919	-5536	12	8	8	9	9	-2225	6	-6599	-8055	12	-11080	-4008	-3532	-2876	1531	-3592	-5876	-1587	12	9	6	9	327	90	8	9	10	9	-8175	-7694	-6820	-5311	-4366	-1371	-7545	-423	9	6	-4777	-12216	9	10	-6465	-9352	-2146	-2924	-8109	-1038	12	8	8	9	9	812	6	-1150	-3969	9	-2933	-7472	-45	2501	-4620	-8628	-8516	-855	8	9	10	9	-5021	2057	-559	-2801	-5874	-5048	2022	-6581	9	10	-10451	-3867	-3498	-103475	4820	1705	9	9	-485	-1232	19920	-4508	-28560	17512	-2112	-2256	-424	-704	8712	120	-256	-216	-96	-376	-32	-3288	-4984	-6032	-5440	-5776	95992	-6488	272	-7280	-1952	-24	-5000	-6800	-1808	-4472	-6864	-36640	-4536	-2936	-3936	-4376	47648	-3504	-2448	-7904	12000	-6336
-3647	-4180	2539169	-4424	-2723	-2150	-3919	1471220	2047388	-3704	-3043	-2536	-2544	-2815	683008	-2723	2311172	2794132	-4232	3776866	1356800	1328053	1019571	-450312	1344054	2031466	783358	-3868	-3159	-2407	-2642	5061	-162454	-2668	-2839	-3139	-3302	2926713	2903918	2371101	2034567	1535468	746132	2610915	173674	-2890	-2239	1805851	4206427	-2874	-3031	2253057	3412899	873887	1128070	2841122	425009	-3912	-2715	-2400	-2416	-2991	-249963	-2499	632693	1458749	-2741	1129480	2474496	13158	-1043835	1654976	3204353	2973009	332372	-2628	-2679	-3251	-2850	1533128	-780241	279306	1066761	1952759	1766402	-620421	2428542	-2938	-3315	3569305	1442410	1091237	36935705	-1453868	-377210	-2757	-3038	68166	312252	-6438616	1678280	9644420	-5816484	952604	358524	133992	249816	-2610160	-22904	68608	92608	18088	138448	-920	1085048	1827016	2121208	2019176	2090344	-34596632	2310304	-99120	2561880	848936	-23968	1756392	2415272	600848	1629752	2483544	12859488	1711304	1215664	1383608	1418848	-17157008	1199088	537168	3082432	-4302976	2436864
-3798	-6356	4040788	-5378	-4074	-1714	-5536	2047388	3822620	-4476	-3974	-2476	-2818	-3098	1264822	-2956	3582008	5145830	-5928	6267096	1733536	2358912	2252360	-22230	2380980	3125874	2345852	-4421	-4990	-2047	-3862	493261	740891	-3009	-2726	-4603	-4110	4462741	4596395	4609321	3517770	4823747	963390	5294089	683634	-4334	-1119	3772947	6870563	-2954	-4047	2837739	4905847	2252106	2025336	5345248	1709405	-4876	-3618	-2016	-3118	-3010	682481	-2396	1508815	1716526	-3602	3831229	3299321	17190	-40407	2606281	4748254	5503747	1505180	-3337	-2762	-4379	-3130	3524743	-279005	1199496	1416579	3906506	2550832	-985824	3560799	-3026	-4947	5011493	2206973	2210124	58511643	-3703319	-3398841	-3718	-3638	1032805	2370540	-18079982	2299016	22832564	-16245356	1988916	2527372	80440	339272	-9024056	63288	36584	251344	-84008	111664	48392	1180480	2627160	3110256	2871576	2979904	-48256480	3685208	1864	4008432	1640760	-80024	2988648	3809016	312080	2482792	3690888	21067720	2496592	2105792	1130424	1460384	-25232784	2281808	1537696	6198336	-6534304	4579200
12	12	-6640	12	8	8	12	-3704	-4476	18	6	6	6	10	-1826	6	-6138	-6502	9	-9788	-3962	-2968	-2126	2122	-3010	-5472	-461	12	8	8	8	654	976	6	10	10	10	-7630	-7186	-5552	-4712	-1858	-1754	-5817	-41	8	8	-3639	-10883	10	10	-6505	-8960	-1129	-2437	-6734	-196	12	8	8	9	9	1627	9	-645	-4284	6	-864	-7347	-36	3879	-4397	-8162	-7067	68	8	10	9	9	-3361	2664	243	-2919	-4681	-4669	1752	-6342	10	9	-10032	-3687	-2643	-94486	3003	-1202	9	9	487	706	10256	-4456	-18424	8724	-1576	120	-488	-744	2824	208	-184	-120	-168	-432	24	-3536	-4880	-5704	-5376	-5568	94528	-5960	416	-6776	-1616	-8	-4296	-6336	-2256	-4120	-6448	-32864	-4408	-2568	-4560	-4672	45488	-2752	-1424	-6192	11264	-5216
6	9	-4939	8	6	5	8	-3043	-3974	6	12	3	6	4	-1047	6	-4557	-5265	9	-7331	-2782	-2692	-1925	1051	-2726	-4000	-1479	8	6	5	5	0	667	6	4	7	7	-6097	-5891	-4504	-4107	-2433	-1611	-4764	-241	5	5	-3569	-8232	7	7	-4556	-7028	-1693	-2160	-5463	-636	8	6	5	5	7	781	5	-1255	-3127	6	-1842	-4858	-28	2734	-3416	-6634	-5844	-455	5	6	7	6	-2545	2007	-448	-2271	-3579	-3646	1112	-4949	6	6	-7218	-3083	-1913	-74046	2260	86	5	7	181	-274	10908	-3440	-17544	10348	-1840	-456	-296	-464	4528	16	-192	-176	-24	-336	0	-2176	-3752	-4240	-4160	-4288	69960	-4624	264	-5144	-1768	64	-3496	-4840	-1288	-3192	-4984	-25304	-3512	-2544	-3064	-2864	34752	-2352	-528	-5984	8672	-4864
9	6	-3897	8	5	6	8	-2536	-2476	6	3	12	6	7	-1228	6	-3670	-3691	9	-5690	-2698	-1536	-936	1319	-1570	-3256	175	8	5	6	5	599	1230	6	7	4	7	-4716	-4116	-2913	-2570	403	-1353	-2968	189	5	6	-1489	-6505	7	4	-4501	-5589	-472	-1597	-3467	568	8	5	6	5	6	1416	5	-256	-2900	6	699	-4955	-28	3053	-2575	-5084	-3439	447	5	6	6	7	-1387	2131	362	-1996	-2230	-3395	968	-3999	6	6	-6621	-2519	-1343	-57341	1290	-1645	5	6	647	992	3274	-2884	-8360	3072	-720	664	-392	-440	168	200	-216	-8	-136	-328	64	-2464	-2984	-3544	-3376	-3552	59200	-3416	296	-3896	-680	-80	-2496	-3624	-1768	-2672	-4184	-19584	-2728	-1344	-3528	-3456	28992	-1536	-464	-2976	6848	-2432
8	8	-4484	6	6	6	9	-2544	-2818	6	6	6	12	4	-804	3	-3938	-4331	9	-6444	-2550	-2079	-1293	1255	-2118	-3434	-577	8	5	5	6	466	968	6	7	7	4	-5007	-5010	-3396	-3264	-985	-1206	-3464	5	5	5	-2517	-6894	7	7	-4197	-6242	-687	-1355	-4228	-69	6	6	6	6	6	1295	6	-537	-2862	6	-475	-4593	-30	2907	-2799	-5599	-4755	17	6	6	6	6	-1938	2126	181	-1995	-2864	-3138	1047	-4206	6	6	-6425	-2356	-1683	-60368	1254	-1492	6	6	587	896	5040	-2852	-10636	4172	-936	236	-280	-432	1416	72	-168	-88	-72	-368	16	-2104	-3112	-3640	-3520	-3696	61120	-3880	328	-4304	-1272	-16	-2800	-4040	-1216	-2664	-4352	-20832	-2880	-1960	-2872	-2768	29200	-1840	-544	-3856	7264	-3680
10	9	-4955	10	4	7	9	-2815	-3098	10	4	7	4	14	-1529	7	-4561	-4862	9	-7619	-3262	-1931	-1540	1620	-1966	-4026	28	10	6	6	6	600	943	4	8	8	8	-5892	-5135	-4099	-3199	-457	-1421	-4255	-10	6	7	-2337	-8419	8	5	-5301	-6778	-937	-1989	-4787	292	10	4	7	6	8	1234	6	-324	-3492	6	32	-6241	-30	3079	-3434	-6117	-4760	143	6	8	7	7	-2284	2199	151	-2445	-3378	-4149	1167	-4886	7	7	-8370	-3295	-2275	-71187	2404	-262	6	8	261	-6	9002	-3336	-15124	8140	-812	-1236	-432	-568	4136	208	-224	-64	-112	-336	56	-2904	-3584	-4208	-4016	-4168	68912	-4328	352	-4896	-840	40	-3056	-4560	-2008	-3144	-5080	-25080	-3280	-1664	-4040	-4040	35392	-2240	-1072	-3808	8320	-3168
-1477	-1818	1266543	-1510	-1031	-896	-2225	683008	1264822	-1826	-1047	-1228	-804	-1529	782710	-1167	1182538	1648642	-2109	2078116	678446	577387	802945	-6054	586540	1083440	606948	-2302	-1448	-369	-929	234083	305270	-376	-1226	-1675	-2055	1539379	1217012	1668903	926260	1284338	449419	1985685	244937	-1332	-473	1004493	2494918	-1330	-931	1165628	1498539	887463	950481	1778610	418937	-1928	-889	-630	-885	-1412	357805	-754	500247	667640	-769	985633	1564406	6196	87793	897212	1412363	1454799	512024	-613	-1164	-1663	-1244	1134353	25973	430599	549117	1284954	1258107	-356731	1200453	-1012	-1651	2148788	1085839	759513	20438252	-1617550	-1474568	-1282	-1411	487325	988872	-6671994	811472	8087672	-6071000	639924	934920	71328	113680	-3176160	-26392	52912	47512	-9704	10736	17800	593008	884504	1060408	943920	976408	-16764808	1136528	20008	1291400	270000	-26208	979176	1212288	382768	904232	1328320	7684232	860720	414680	787304	958520	-9663568	745200	650160	1963456	-2201408	1022848
8	8	-4313	9	5	5	6	-2723	-2956	6	6	6	3	7	-1167	12	-3933	-4169	9	-6380	-2842	-1930	-1212	1345	-1954	-3472	-242	8	5	6	5	435	1108	6	7	4	7	-5213	-4758	-3330	-3007	-426	-1307	-3560	36	5	6	-2139	-7102	7	4	-4645	-6126	-890	-1884	-4051	288	9	5	5	3	7	1242	6	-572	-3007	6	-183	-4964	-24	2932	-2916	-5697	-4174	204	5	6	6	7	-1809	2120	14	-2076	-2712	-3456	1134	-4433	6	6	-6969	-2740	-1751	-62914	1757	-886	3	7	370	512	6532	-3100	-12232	6076	-1048	-188	-376	-504	2480	152	-216	-80	-160	-304	80	-2416	-3328	-3800	-3648	-3784	62272	-3840	320	-4336	-1000	40	-2776	-4048	-1704	-2888	-4520	-21544	-3000	-1760	-3456	-3256	31088	-1888	-480	-3872	7488	-3232
-5771	-7140	4329513	-6716	-4495	-3430	-6599	2311172	3582008	-6138	-4557	-3670	-3938	-4561	1182538	-3933	3887310	5000360	-6857	6555866	2140850	2320993	1944425	-557968	2347432	3399404	1639901	-5954	-5157	-3529	-4660	113533	132024	-3976	-4239	-5347	-4962	4827411	4888806	4299580	3513168	3494075	1066823	4788771	423188	-4820	-2861	3373760	7169662	-4506	-5083	3502446	5545813	1692303	1869820	5100317	1109702	-6190	-4301	-3552	-4035	-4534	-68138	-3754	1136230	2218591	-4421	2637282	3955729	21324	-1134512	2781908	5239165	5376819	905633	-4244	-4304	-5160	-4460	3073473	-963685	688306	1667688	3657052	2810417	-1057203	3947507	-4424	-5491	5751607	2311040	2085045	61777180	-2980188	-1711912	-4608	-4789	464907	1252452	-13877264	2636952	19119956	-12395332	1664288	1570112	176632	407424	-6452216	-4976	79608	199784	-11880	199112	18248	1635856	2943288	3463984	3247840	3376472	-55285648	3911512	-117208	4308248	1519256	-50656	3015072	4067040	737560	2663088	4057840	21824920	2747648	2089784	1873136	2069440	-27798544	2176720	1271888	5516032	-7099040	4359168
-5817	-9217	5700130	-7463	-5582	-3030	-8055	2794132	5145830	-6502	-5265	-3691	-4331	-4862	1648642	-4169	5000360	7144172	-8377	8812193	2440522	3268605	3043362	-149877	3300221	4346579	3079224	-6254	-6812	-3060	-5841	530462	970901	-4400	-4165	-6506	-5447	6137565	6423745	6270723	4848001	6549847	1185874	7175171	888342	-6206	-1685	5182112	9496303	-4519	-5914	3953679	6862864	2898545	2600913	7338389	2308977	-6904	-5098	-3196	-4579	-4536	773391	-3628	1902820	2397547	-5377	5161621	4604442	24846	-152019	3598353	6594702	7709898	1983560	-4901	-4269	-6156	-4779	4932539	-481167	1528548	1945698	5440773	3420143	-1399880	4925383	-4421	-6865	6926804	2899737	3145111	80316157	-4987305	-4451704	-5396	-5277	1352458	3105900	-24441270	3140956	31041664	-21768092	2562792	3629388	117352	485688	-12374664	78200	46640	351312	-107680	173360	62648	1661888	3614288	4305176	3960512	4133704	-66624144	5128280	-24344	5568056	2257104	-104312	4101152	5284024	396096	3392896	5101024	28934384	3398488	2920032	1512576	1986472	-34474896	3159456	2212368	8260992	-9013920	6342464
12	12	-7419	12	8	8	12	-4232	-5928	9	9	9	9	9	-2109	9	-6857	-8377	18	-11167	-4012	-3815	-2953	1323	-3872	-5994	-1999	12	8	8	8	98	348	9	9	9	9	-8448	-8299	-6977	-5750	-4565	-1903	-7656	-401	8	8	-5137	-12431	9	9	-6619	-9753	-2447	-3208	-8290	-1181	12	8	8	9	9	812	6	-1558	-4071	9	-3193	-7275	-45	2830	-4726	-9252	-8691	-939	8	9	10	9	-4795	2267	-682	-2949	-5856	-5154	1832	-6991	9	10	-10449	-4065	-3271	-108457	4598	1675	9	9	-341	-1346	20340	-4760	-29604	18416	-2560	-1832	-392	-720	8816	88	-208	-320	-40	-400	32	-3280	-5248	-6224	-5816	-6080	100104	-6784	280	-7512	-2376	24	-5176	-7048	-1728	-4760	-7216	-37872	-4888	-3432	-3992	-4256	49952	-3584	-1984	-8848	12576	-6976
-9163	-12248	7460778	-10348	-7703	-5340	-11080	3776866	6267096	-9788	-7331	-5690	-6444	-7619	2078116	-6380	6555866	8812193	-11167	11485724	3564244	4022942	3612350	-680987	4066166	5715374	3260688	-9312	-8851	-5024	-8157	335185	624908	-6244	-6859	-9122	-8259	8227522	8344516	7748903	6102846	6863635	1709575	8646581	921689	-8061	-3664	6121913	12361191	-7279	-8094	5716923	9312710	3273017	3246490	9074058	2317435	-10140	-6875	-5304	-6625	-7178	364709	-5887	2113687	3630824	-7440	5327510	6631234	35030	-1264250	4848598	8804472	9509714	2040171	-6796	-6959	-8587	-7162	5688584	-1304240	1529543	2822131	6591903	4820448	-1801995	6634294	-6926	-9243	9733312	4056066	3909197	104986573	-5709882	-4292446	-7201	-7958	1234376	3067078	-27478854	4281076	36289344	-24498840	2893736	4050088	254488	679448	-13877000	30144	126496	365456	-67528	308128	54488	2587512	4880896	5759432	5384904	5603416	-90493472	6649448	-162416	7290224	2640000	-108504	5193904	6891488	1006512	4455592	6868792	37565232	4546800	3576192	2829968	3227952	-46547408	3965712	2462896	9725984	-11918176	7622176
-4098	-3884	2348075	-3964	-2758	-2552	-4008	1356800	1733536	-3962	-2782	-2698	-2550	-3262	678446	-2842	2140850	2440522	-4012	3564244	1418324	1097510	881568	-558958	1113556	1889910	461406	-3984	-2798	-2524	-2746	-106518	-289606	-2446	-3130	-3262	-3558	2811548	2593750	2154790	1766864	903378	722210	2266351	102878	-2626	-2444	1440804	3959636	-3210	-2838	2285098	3215573	708515	1025903	2510835	181669	-4076	-2466	-2552	-2518	-3202	-357799	-2640	440411	1518890	-2590	603925	2600671	13258	-1218729	1632475	2970906	2549369	201543	-2417	-3102	-3235	-3046	1230949	-905589	144161	1098799	1699874	1855571	-551119	2290308	-3066	-3187	3650059	1523845	1019402	34390369	-1266773	-224643	-2598	-3338	-7489	235404	-5420434	1564364	8393032	-4963196	673784	555660	163928	245896	-2457224	-47536	90560	50304	35416	154096	-6832	1169632	1715136	1990304	1912592	1973800	-32403256	2102800	-134152	2367352	612952	-9872	1572416	2218240	740896	1499376	2369576	12030960	1586544	961272	1613832	1592216	-16474384	1115984	451824	2452368	-3999488	1924448
-2632	-4416	2674225	-3763	-2731	-1331	-3532	1328053	2358912	-2968	-2692	-1536	-2079	-1931	577387	-1930	2320993	3268605	-3815	4022942	1097510	1611492	1321854	-117967	1625160	2002362	1446931	-2688	-3213	-1748	-2879	180255	336014	-2412	-1955	-2874	-2347	2809059	3138972	2748763	2349768	3019599	512216	3124236	373841	-2945	-928	2457269	4251931	-1935	-2994	1764936	3284470	1198615	1063468	3330530	1066337	-3156	-2588	-1612	-2263	-1995	200417	-1775	869133	1098219	-2706	2389943	1914553	11373	-247349	1627732	3166958	3685699	826578	-2500	-1982	-2783	-2159	2209995	-345669	635278	867591	2439441	1376657	-657036	2296025	-2230	-3167	2981699	1151952	1372220	36662760	-1986816	-1553084	-2458	-2354	463905	1092084	-10091594	1476324	13260024	-8910316	1199596	1273740	43088	228344	-4925008	49704	10008	168680	-41552	97344	26704	702608	1703208	2009472	1870264	1952056	-31368480	2413736	-28944	2602552	1173752	-42512	1894168	2474288	95568	1550816	2330544	12973296	1589232	1489976	565872	732488	-15480144	1413936	882672	3826816	-4194784	3155616
-1643	-3416	2230729	-2259	-2242	-579	-2876	1019571	2252360	-2126	-1925	-936	-1293	-1540	802945	-1212	1944425	3043362	-2953	3612350	881568	1321854	1480414	199198	1333516	1690230	1607210	-1932	-2706	-572	-2126	429376	721898	-1146	-980	-2634	-2068	2472975	2483272	2880748	1997436	3301582	506247	3316900	512757	-2278	226	2324909	3926191	-1348	-1922	1398671	2550412	1567396	1222903	3225621	1239316	-2390	-1625	-556	-1449	-1270	757990	-927	979510	824380	-1574	2674092	1778201	8517	468053	1504879	2496588	3223521	1176560	-1529	-1215	-2132	-1348	2246570	123917	915361	761533	2419805	1477962	-512611	1888227	-1107	-2665	2740397	1340923	1411837	32527008	-2556538	-2961224	-1784	-1885	903982	2059620	-12892942	1137736	15392692	-11631064	1182304	2332192	14592	171432	-7036336	63272	7616	160760	-89144	35160	42528	531656	1358472	1624376	1485712	1538632	-24226824	2021968	40728	2185960	924976	-59840	1699504	2084320	28752	1331416	1997880	12033792	1304120	1142664	419296	671080	-13619584	1418848	1070752	3732416	-3505920	2611360
2207	1213	-558366	1861	810	1776	1531	-450312	-22230	2122	1051	1319	1255	1620	-6054	1345	-557968	-149877	1323	-680987	-558958	-117967	199198	594430	-123327	-504283	609497	2005	609	1613	916	370387	631612	1230	1823	1156	1385	-703260	-615999	50035	-224080	1158677	-195193	205123	235459	749	2090	203277	-768899	1837	1304	-925899	-1028258	446474	-9161	-74432	564873	1668	1046	1826	1235	1774	777957	1616	278120	-670009	1231	1064110	-921419	-5306	1219509	-357765	-861642	-188633	573367	1177	1764	1222	1554	294643	771461	470609	-364443	53635	-459999	154833	-664502	1786	907	-1145088	-281056	19835	-7580056	-560814	-1698859	1180	1409	569563	1128032	-3605314	-551800	2744380	-3281492	176996	1053172	-111520	-94552	-2475744	73160	-54416	45176	-81928	-95264	27456	-580040	-539424	-609600	-613008	-639032	11258728	-486944	128192	-594272	24944	-24696	-237176	-536712	-514056	-376224	-648416	-2228312	-463656	-126000	-916008	-777400	4602992	-21920	230976	285104	1072000	-63104
-2680	-4464	2702537	-3802	-2766	-1366	-3592	1344054	2380980	-3010	-2726	-1570	-2118	-1966	586540	-1954	2347432	3300221	-3872	4066166	1113556	1625160	1333516	-123327	1639140	2025786	1453647	-2736	-3246	-1776	-2914	180218	334820	-2446	-1990	-2914	-2382	2842469	3169284	2776495	2371093	3035179	519830	3154157	375381	-2978	-956	2476050	4300810	-1970	-3034	1791290	3321555	1208260	1076105	3362514	1070184	-3213	-2617	-1641	-2290	-2034	197497	-1799	874591	1114380	-2730	2400270	1945114	11577	-258816	1646572	3201673	3718235	830224	-2529	-2018	-2823	-2198	2228014	-354475	637669	879755	2462158	1398765	-663738	2322863	-2266	-3207	3024446	1169140	1384619	37083431	-2005577	-1561525	-2494	-2390	465734	1098732	-10172920	1494620	13376128	-8984244	1208452	1283964	44888	231016	-4963168	49288	11032	169696	-41480	99104	26568	716000	1723408	2033432	1892592	1975416	-31753088	2439440	-30064	2631496	1181576	-42344	1913936	2501368	103368	1569048	2358520	13121936	1607936	1501536	583440	751264	-15677664	1427744	890912	3859472	-4243168	3179936
-5032	-6232	3777124	-5860	-3908	-3092	-5876	2031466	3125874	-5472	-4000	-3256	-3434	-4026	1083440	-3472	3399404	4346579	-5994	5715374	1889910	2002362	1690230	-504283	2025786	2986392	1391253	-5401	-4472	-3097	-4008	98235	104619	-3410	-3811	-4712	-4507	4226761	4233386	3750535	3032329	2971151	947149	4197819	365854	-4205	-2566	2897909	6287910	-4008	-4403	3104994	4842367	1473471	1672268	4443681	927518	-5472	-3784	-3162	-3551	-4053	-70779	-3322	987469	1960153	-3833	2230880	3526242	18784	-1008270	2426192	4565780	4635402	766191	-3638	-3837	-4544	-3963	2666648	-841269	589506	1464217	3175465	2509862	-943303	3457984	-3967	-4794	5098945	2058181	1808539	54141684	-2628458	-1437551	-4040	-4214	401512	1040780	-11954442	2326732	16523496	-10669260	1454100	1265984	164488	356800	-5427696	-14664	78912	165536	-648	170216	17304	1466136	2586568	3043736	2844600	2959416	-48737880	3406816	-101480	3764888	1287944	-41440	2634552	3551248	696632	2345088	3566288	19154992	2414736	1786488	1710448	1887672	-24516416	1884784	1118528	4798624	-6223584	3737952
71	-2921	2005612	-1435	-1793	820	-1587	783358	2345852	-461	-1479	175	-577	28	606948	-242	1639901	3079224	-1999	3260688	461406	1446931	1607210	609497	1453647	1391253	2232732	-349	-2516	371	-1701	649306	1109754	-779	293	-1785	-918	2028771	2393510	2897874	2094707	4398265	337421	3433643	693021	-1881	1633	2711816	3388671	259	-1347	686280	2078474	1819754	1111680	3289533	1761055	-1167	-1302	736	-723	117	1202905	111	1248739	356323	-1156	3678125	903968	4787	1221953	1268575	2139391	3440353	1587654	-907	113	-1411	-315	2533099	583537	1250324	489551	2508683	947452	-445565	1521051	-39	-2115	1739283	959106	1431844	27907748	-2730520	-3771753	-849	-730	1190074	2582830	-14851292	813080	16992504	-13294072	1412412	2735424	-85640	114072	-8294616	136856	-45896	212488	-140440	-14472	65392	19424	1061168	1271880	1147840	1186472	-17714400	1817424	118288	1886800	1168848	-74664	1611704	1829264	-486160	1099056	1589576	10504128	1045640	1304336	-450728	-146504	-10253120	1428736	1137040	4177008	-2914752	3019936
12	12	-6361	12	6	9	12	-3868	-4421	12	8	8	8	10	-2302	8	-5954	-6254	12	-9312	-3984	-2688	-1932	2005	-2736	-5401	-349	18	6	6	6	509	1143	6	10	10	10	-7411	-6667	-5289	-4253	-961	-2037	-5842	-90	6	9	-3134	-10815	10	9	-6761	-8831	-1263	-2989	-6318	281	12	8	8	8	10	1658	8	-842	-4393	8	-110	-7829	-40	3945	-4061	-7926	-6064	217	6	10	10	10	-2998	2516	181	-2893	-4182	-5334	1773	-6350	10	9	-10526	-4084	-2394	-93815	3127	-1587	8	9	502	1076	8730	-4616	-16660	7508	-1720	1284	-576	-688	888	304	-336	-64	-296	-384	24	-3656	-4848	-5656	-5288	-5472	95848	-5632	360	-6448	-1232	-32	-4128	-6008	-2672	-4304	-6624	-32952	-4528	-2256	-5184	-5288	47072	-2512	-1296	-6032	11136	-4416
6	9	-5826	9	6	3	9	-3159	-4990	8	6	5	5	6	-1448	5	-5157	-6812	8	-8851	-2798	-3213	-2706	609	-3246	-4472	-2516	6	12	3	6	-297	-212	6	4	7	6	-6638	-6622	-5873	-4892	-4962	-1487	-6544	-625	6	3	-4761	-9629	6	7	-4630	-7505	-2511	-2516	-6956	-1654	8	6	5	5	6	-96	5	-1665	-2992	6	-3946	-5169	-27	1402	-3857	-7079	-7452	-1354	6	4	7	6	-4188	1225	-1125	-2346	-5020	-3725	1359	-5373	6	7	-7642	-3173	-2910	-83152	3984	2664	6	6	-713	-1958	19650	-3560	-26732	17716	-2384	-2464	-200	-544	9624	-24	-80	-280	96	-272	-16	-2072	-3928	-4600	-4352	-4560	73112	-5296	152	-5792	-2176	112	-4128	-5496	-896	-3576	-5432	-29288	-3640	-2992	-2368	-2624	37184	-3040	-1568	-7648	9504	-6112
9	6	-3678	9	6	6	6	-2407	-2047	8	5	6	5	6	-369	6	-3529	-3060	8	-5024	-2524	-1748	-572	1613	-1776	-3097	371	6	3	12	6	837	1657	6	7	4	6	-4464	-4489	-2169	-2816	709	-1142	-1843	408	6	6	-1531	-5552	6	6	-3996	-5610	199	-866	-2933	651	8	5	6	5	6	2065	6	-83	-2728	5	976	-3869	-25	3926	-2447	-5246	-3632	900	6	7	4	6	-740	2747	797	-1751	-1748	-2442	840	-3770	6	6	-5448	-1718	-698	-52605	-175	-3529	5	7	1335	2188	-2026	-2764	-3220	-1752	-556	1880	-360	-448	-2688	96	-128	-8	-168	-432	64	-2160	-3008	-3440	-3408	-3528	58080	-3408	408	-3888	-1112	-112	-2288	-3616	-1416	-2352	-3736	-16864	-2680	-1648	-3048	-2672	25760	-1216	224	-2672	6624	-2976
9	9	-5492	6	6	6	9	-2642	-3862	8	5	5	6	6	-929	5	-4660	-5841	8	-8157	-2746	-2879	-2126	916	-2914	-4008	-1701	6	6	6	12	305	162	6	6	6	4	-5796	-6156	-4822	-4354	-3822	-945	-5133	-333	6	3	-4009	-8330	6	7	-4122	-6913	-1465	-1530	-5942	-1216	8	5	5	6	6	558	5	-977	-2711	5	-2917	-4547	-28	1849	-3430	-6463	-6815	-908	6	6	6	4	-3570	1718	-500	-2014	-4285	-3024	1350	-4724	6	7	-6718	-2375	-2540	-71548	2815	1055	5	6	-231	-830	14176	-2964	-20644	12144	-1456	-2248	-216	-544	7392	-16	-104	-184	8	-344	-8	-1944	-3512	-4136	-3944	-4128	65424	-4736	264	-5216	-1928	8	-3520	-4888	-704	-2992	-4840	-25104	-3120	-2552	-2072	-2192	31584	-2656	-1408	-5856	8416	-5408
970	-13	121745	418	18	946	327	5061	493261	654	0	599	466	600	234083	435	113533	530462	98	335185	-106518	180255	429376	370387	180218	98235	649306	509	-297	837	305	352560	475370	521	875	11	215	182164	137414	654752	267608	1216996	89192	848990	233930	25	1045	555679	454534	671	321	-144323	-29221	632119	353395	626458	520794	366	158	1003	594	582	606017	607	397871	-155750	603	1054680	-37323	-1202	719290	131635	55805	474696	539334	343	873	173	595	562494	452018	457115	-4050	510108	169519	-2455	70712	749	-95	62914	233094	257501	3331617	-875706	-1567959	195	382	501773	1065896	-4658116	-9812	4715308	-4313340	396616	951436	-49240	-17736	-2705640	47520	-23112	56400	-65296	-47688	19248	-157888	23008	32488	8512	-4208	400600	156952	84376	145944	176304	-32440	236464	156184	-194488	116208	105088	1534280	68880	144664	-280464	-157184	-913856	266960	307936	1003072	-208192	434368
1629	-106	242700	1272	185	1247	90	-162454	740891	976	667	1230	968	943	305270	1108	132024	970901	348	624908	-289606	336014	721898	631612	334820	104619	1109754	1143	-212	1657	162	475370	1015112	1085	1464	-25	772	58951	186232	1059702	408323	2486174	-180712	1423892	420699	5	2159	1018657	610642	1211	503	-501625	-237475	925093	358145	1087844	1046067	952	469	1482	526	1313	1057216	1358	524454	-467625	460	2086400	-322938	-2212	1570026	106530	-97798	1006888	985226	609	1170	455	990	1272509	932077	763894	-193168	1003037	-61849	-85585	-87271	1391	39	-269312	56334	603174	3207207	-1606319	-2850736	296	894	955180	1895360	-8473938	-209664	8378780	-7522308	540048	1969576	-112312	-33288	-5032640	84296	-58664	109416	-103168	-105328	51640	-409696	-117448	-59992	-171616	-159448	3411320	211552	155752	167736	314800	-43992	354816	183608	-548128	51368	-24336	1889840	-75616	233608	-903120	-589808	365296	474496	812432	1525616	-85024	845952
8	8	-4457	8	6	5	8	-2668	-3009	6	6	6	6	4	-376	6	-3976	-4400	9	-6244	-2446	-2412	-1146	1230	-2446	-3410	-779	6	6	6	6	521	1085	12	4	4	4	-4981	-5347	-3222	-3654	-1500	-998	-3121	87	6	5	-2780	-6592	4	7	-3952	-6334	-553	-1090	-4156	-219	8	6	5	5	6	1495	5	-562	-2596	6	-902	-3761	-28	3068	-2755	-5866	-5227	101	6	6	6	7	-2037	2233	184	-1810	-2844	-2456	991	-4203	6	6	-5554	-1692	-1475	-60204	871	-1629	5	6	713	910	4900	-2896	-10768	4260	-1120	244	-248	-448	1672	-8	-96	-168	-64	-408	72	-1856	-3184	-3712	-3576	-3776	60424	-4064	320	-4440	-1672	-72	-2880	-4200	-912	-2640	-4136	-19840	-2856	-2368	-2272	-2120	27536	-1824	-336	-4288	7360	-4448
10	9	-4841	9	6	7	9	-2839	-2726	10	4	7	7	8	-1226	7	-4239	-4165	9	-6859	-3130	-1955	-980	1823	-1990	-3811	293	10	4	7	6	875	1464	4	14	5	8	-5311	-5144	-3141	-3016	322	-1264	-3350	171	6	7	-1916	-7432	8	5	-5112	-6699	-177	-1628	-4091	668	9	6	7	6	7	1907	7	-217	-3345	6	634	-5555	-30	3617	-2936	-6022	-4295	642	6	8	7	7	-1749	2554	515	-2175	-2632	-3547	1465	-4687	8	7	-7572	-2615	-1733	-64878	1245	-3033	6	7	888	2138	1564	-3320	-7588	656	-752	1596	-432	-576	-1656	248	-272	16	-264	-336	56	-2808	-3600	-4144	-3920	-4080	70480	-4040	392	-4616	-896	-32	-2816	-4280	-1952	-3048	-4872	-22456	-3224	-1664	-3872	-3720	32944	-1744	-576	-3360	8000	-3168
9	10	-5809	9	6	6	10	-3139	-4603	10	7	4	7	8	-1675	4	-5347	-6506	9	-9122	-3262	-2874	-2634	1156	-2914	-4712	-1785	10	7	4	6	11	-25	4	5	14	8	-6956	-6489	-5978	-4615	-3754	-1591	-6321	-555	6	6	-4202	-10092	8	8	-5192	-7777	-2262	-2640	-6837	-1121	9	6	6	7	7	239	6	-1336	-3522	6	-2658	-6218	-32	2145	-4137	-7191	-6976	-1099	6	7	8	7	-3698	1707	-704	-2560	-4786	-4523	1233	-5450	7	8	-8831	-3870	-2869	-86184	3949	2368	7	7	-466	-1910	18422	-3664	-25616	16956	-1904	-2736	-320	-544	9248	56	-176	-192	-24	-320	-56	-2544	-4064	-4808	-4568	-4688	76648	-5272	280	-5936	-1688	64	-4048	-5592	-1448	-3568	-5696	-30640	-3856	-2512	-3408	-3496	40032	-3056	-1584	-6784	9792	-5216
9	9	-5356	10	6	6	9	-3302	-4110	10	7	7	4	8	-2055	7	-4962	-5447	9	-8259	-3558	-2347	-2068	1385	-2382	-4507	-918	10	6	6	4	215	772	4	8	8	14	-6760	-5768	-5112	-3848	-1434	-1963	-5505	-271	6	7	-2970	-9476	8	5	-5745	-7484	-1824	-2913	-5844	-153	10	6	6	6	8	755	6	-1145	-3853	6	-944	-6718	-30	2948	-3905	-6933	-5316	-413	4	8	8	8	-2594	2148	-415	-2756	-3694	-4983	1416	-5468	8	7	-9316	-4233	-2315	-82533	3287	371	6	8	-14	-364	12070	-3876	-19008	11364	-1676	-648	-488	-576	4664	216	-328	-24	-168	-312	-16	-3056	-4176	-4784	-4584	-4712	79032	-4744	312	-5496	-1056	16	-3696	-5112	-2232	-3672	-5792	-29120	-3872	-1880	-4552	-4384	40880	-2560	-960	-5696	9536	-3840
-7243	-8784	5357596	-8167	-6124	-4094	-8175	2926713	4462741	-7630	-6097	-4716	-5007	-5892	1539379	-5213	4827411	6137565	-8448	8227522	2811548	2809059	2472975	-703260	2842469	4226761	2028771	-7411	-6638	-4464	-5796	182164	58951	-4981	-5311	-6956	-6760	6250930	6050299	5480440	4376086	4035633	1510253	5978257	540503	-5810	-3669	4120283	9068387	-5869	-6110	4544871	7001615	2266247	2471208	6358278	1275097	-8062	-5308	-4328	-4963	-5725	-34429	-4813	1473931	2947738	-5252	3081156	5195427	26890	-1609394	3652966	6606628	6545813	1175756	-5170	-5427	-6578	-5615	3608316	-1348276	912004	2257094	4476797	3858137	-1233189	5019039	-5600	-7013	7561626	3257622	2588921	78250816	-3740397	-2371467	-5409	-6505	594838	1783368	-17743392	3328536	24354340	-16128712	2031876	2354376	247264	508104	-8758048	-6032	127376	220920	-23408	272960	18408	2146920	3726320	4344888	4133608	4269192	-69250984	4861816	-176072	5379584	1795544	-64048	3766016	5079304	1084312	3348840	5178528	27681096	3487384	2510032	2689840	2828984	-35754528	2790272	1416496	6807488	-8931360	5210848
-6859	-9226	5566285	-8592	-5839	-3805	-7694	2903918	4596395	-7186	-5891	-4116	-5010	-5135	1217012	-4758	4888806	6423745	-8299	8344516	2593750	3138972	2483272	-615999	3169284	4233386	2393510	-6667	-6622	-4489	-6156	137414	186232	-5347	-5144	-6489	-5768	6050299	6482842	5416450	4698811	4899204	1275534	5996032	587305	-6187	-3161	4580686	8899627	-5119	-6479	4179859	7125319	2140522	2184551	6543850	1640658	-7423	-5515	-4228	-5069	-5186	-68348	-4680	1548833	2707980	-5888	3799037	4567464	25689	-1374751	3511551	6760527	7170349	1272276	-5533	-5116	-6247	-5243	3980724	-1233688	956727	2054255	4680035	3231822	-1326930	4977321	-5444	-6860	6844208	2680834	2673638	77177457	-3554798	-2074586	-5428	-5765	550414	1530672	-17599772	3266248	24362316	-15605172	2189920	2013856	174288	511296	-8370720	42568	69656	280880	-33760	264584	30168	1838792	3698536	4324880	4095504	4252872	-68786688	5006696	-153840	5455248	2182832	-71984	3833248	5166976	642712	3299520	5061216	27102632	3443576	2903816	1943592	2132024	-33964752	2805904	1499280	7198640	-8919392	6001760
-4856	-7538	4867693	-5796	-5030	-2220	-6820	2371101	4609321	-5552	-4504	-2913	-3396	-4099	1668903	-3330	4299580	6270723	-6977	7748903	2154790	2748763	2880748	50035	2776495	3750535	2897874	-5289	-5873	-2169	-4822	654752	1059702	-3222	-3141	-5978	-5112	5480440	5416450	5851430	4203358	5956165	1193175	6624436	899758	-5094	-943	4579256	8474439	-3671	-4772	3442199	5827927	2934443	2531224	6602400	2158230	-6108	-3953	-2128	-3704	-3617	1065548	-2751	1839132	2108079	-3969	4741742	4213189	21041	171651	3293226	5617827	6631628	2046377	-3755	-3581	-5255	-3841	4352635	-230103	1576088	1794184	4858477	3338879	-1124122	4266675	-3360	-6051	6316474	2942979	2830954	71056095	-4860094	-4982553	-4287	-4740	1483202	3504880	-23980494	2668584	29604556	-21647968	2309588	4064380	102800	405800	-12756624	81160	52768	295992	-128128	136480	66232	1456064	3106736	3692184	3416400	3533392	-56446648	4409784	2824	4810288	1852392	-96840	3604960	4566880	408152	2956520	4477016	25923752	2954448	2385304	1467448	1886168	-30732496	2894960	2011200	7438592	-7812704	5316896
-4379	-6497	4011313	-5746	-4322	-2101	-5311	2034567	3517770	-4712	-4107	-2570	-3264	-3199	926260	-3007	3513168	4848001	-5750	6102846	1766864	2349768	1997436	-224080	2371093	3032329	2094707	-4253	-4892	-2816	-4354	267608	408323	-3654	-3016	-4615	-3848	4376086	4698811	4203358	3522758	4234920	907638	4675439	548437	-4382	-1568	3594420	6509966	-3087	-4557	2818083	5027576	1850613	1674790	4989883	1495119	-5067	-3825	-2469	-3416	-3196	284196	-2888	1305268	1804491	-3921	3345881	3122413	17626	-567773	2571600	4823425	5418124	1229596	-3723	-3220	-4322	-3444	3151669	-640169	933980	1434582	3605351	2312218	-923261	3533610	-3435	-4917	4784585	1969816	2040077	56163953	-2966227	-2390159	-3667	-3927	666718	1727868	-15176882	2268604	20002404	-13562432	1746716	2098460	89192	350104	-7663456	67504	28848	232808	-63512	170200	34576	1168632	2610472	3063008	2891760	2996240	-47883616	3636640	-68312	3941328	1678728	-58960	2845032	3744872	286136	2363600	3600048	19881624	2446568	2161224	1132000	1323624	-24174112	2153808	1228656	5645824	-6395328	4559840
-289	-6392	4242585	-2821	-3674	1127	-4366	1535468	4823747	-1858	-2433	403	-985	-457	1284338	-426	3494075	6549847	-4565	6863635	903378	3019599	3301582	1158677	3035179	2971151	4398265	-961	-4962	709	-3822	1216996	2486174	-1500	322	-3754	-1434	4035633	4899204	5956165	4234920	9404466	350333	7168781	1379705	-4250	3228	5613166	7076226	127	-3197	1350870	4162092	3544935	2132264	6861452	3687199	-2373	-2710	863	-2037	194	2405638	272	2332328	546559	-2914	7718573	1803883	10941	2792012	2491807	4308182	7320977	3184889	-2379	-230	-2817	-883	5642202	1353159	2460438	809331	5423123	1660763	-1061318	3033963	-229	-4312	3412559	1618377	3106022	57360744	-5871335	-7855923	-2688	-1365	2535293	5324144	-31109480	1616916	35424004	-27552860	2812168	5747628	-188472	248392	-17109168	266856	-123016	471336	-279256	-62472	137896	56208	2141320	2668112	2279280	2409264	-36505216	3829312	268880	3976784	2406208	-146856	3371576	3839320	-1096072	2246240	3175856	21681456	2065888	2679072	-1199848	-379040	-20419760	2948944	2770976	8541648	-6019264	6337184
-1883	-1590	1103005	-2252	-1200	-872	-1371	746132	963390	-1754	-1611	-1353	-1206	-1421	449419	-1307	1066823	1185874	-1903	1709575	722210	512216	506247	-195193	519830	947149	337421	-2037	-1487	-1142	-945	89192	-180712	-998	-1264	-1591	-1963	1510253	1275534	1193175	907638	350333	618600	1251013	85577	-1189	-1141	718045	2062594	-1419	-1215	1223972	1636667	555141	718882	1292060	81504	-2049	-1014	-904	-845	-1564	-57931	-1281	393887	847200	-733	260318	1428311	5905	-668518	879708	1522108	1125462	165646	-998	-1232	-1563	-1217	448830	-435216	159731	657271	788874	1155485	-196626	1225475	-1283	-1623	2002020	1017780	414935	18385235	-679615	-256270	-1086	-1674	13989	243512	-2962250	863400	4484764	-2921484	480332	151660	87976	116248	-1271704	-19840	51280	17232	312	77704	-7152	624752	909176	1012504	1028120	1026232	-17044160	1045960	-55944	1183168	290848	-17968	801720	1115976	472880	822752	1275256	6436128	892352	465888	1008296	952024	-9228176	551168	75840	1438688	-2088096	877760
-4633	-8470	5453343	-6271	-5086	-2256	-7545	2610915	5294089	-5817	-4764	-2968	-3464	-4255	1985685	-3560	4788771	7175171	-7656	8646581	2266351	3124236	3316900	205123	3154157	4197819	3433643	-5842	-6544	-1843	-5133	848990	1423892	-3121	-3350	-6321	-5505	5978257	5996032	6624436	4675439	7168781	1251013	7707860	1087825	-5652	-524	5268180	9487374	-3849	-4957	3694770	6352986	3410907	2928775	7528010	2603046	-6331	-4318	-2079	-3812	-3873	1400103	-2755	2166750	2175490	-4295	5732612	4575520	22290	636399	3550309	6146510	7508367	2421066	-3889	-3492	-5700	-3931	5174218	52324	1907673	1874258	5601778	3618588	-1359243	4693992	-3495	-6544	6873691	3175108	3254988	79066103	-5775518	-5897429	-4767	-4758	1849951	4053512	-27872588	2948988	34026656	-24978712	2752040	4433528	90136	443256	-14387800	89304	52728	351304	-145520	98968	87472	1522144	3419608	4084768	3714048	3864816	-62484352	4908512	62888	5343776	2114456	-127368	4070344	5076784	343728	3326608	4952888	29051720	3262032	2695016	1380688	1973528	-33897696	3236848	2473312	8634864	-8667648	6078208
254	-751	533103	-162	-370	322	-423	173674	683634	-41	-241	189	5	-10	244937	36	423188	888342	-401	921689	102878	373841	512757	235459	375381	365854	693021	-90	-625	408	-333	233930	420699	87	171	-555	-271	540503	587305	899758	548437	1379705	85577	1087825	246340	-378	675	784029	972517	146	-145	148134	485035	610672	376204	977867	559399	-239	-224	460	-82	171	471430	171	388252	60410	-214	1159395	271160	923	526085	355605	506291	944799	543793	-39	121	-325	39	793316	282980	431140	124397	761945	314298	-126593	381315	163	-553	505952	330672	464347	7573167	-962446	-1393333	-123	-92	451786	941788	-5001752	181008	5508808	-4475164	414996	1005504	-29760	25112	-2846840	38072	-10480	60168	-44072	-21424	25080	-18448	253320	311248	264376	272712	-4044072	467360	49912	486280	289680	-26408	445704	473376	-147752	290832	420088	3012824	258168	313280	-158624	-40456	-2748656	433344	404656	1219936	-743584	786944
9	9	-5411	9	6	3	9	-2890	-4334	8	5	5	5	6	-1332	5	-4820	-6206	8	-8061	-2626	-2945	-2278	749	-2978	-4205	-1881	6	6	6	6	25	5	6	6	6	6	-5810	-6187	-5094	-4382	-4250	-1189	-5652	-378	12	3	-4101	-8681	4	7	-4270	-6954	-1810	-2060	-6142	-1290	8	5	5	5	6	345	5	-1311	-2628	6	-3142	-4675	-27	1569	-3315	-6565	-6685	-971	6	6	6	6	-3774	1347	-681	-1947	-4434	-3171	1349	-4822	4	7	-6723	-2417	-2463	-75323	3341	1511	6	6	-398	-1120	15676	-3264	-22244	13812	-1988	-1528	-224	-496	7032	-24	-64	-256	16	-288	0	-1992	-3632	-4336	-4024	-4192	68664	-4888	152	-5328	-1960	16	-3704	-5032	-784	-3304	-4984	-26280	-3384	-2664	-2120	-2336	33408	-2576	-1568	-6672	8768	-5568
9	6	-2743	9	3	6	6	-2239	-1119	8	5	6	5	7	-473	6	-2861	-1685	8	-3664	-2444	-928	226	2090	-956	-2566	1633	9	3	6	3	1045	2159	5	7	6	7	-3669	-3161	-943	-1568	3228	-1141	-524	675	3	12	-55	-4425	7	4	-4112	-4753	914	-859	-1468	1706	8	5	6	5	7	2576	6	520	-2834	5	3104	-4153	-25	4490	-1877	-4272	-1655	1748	5	7	6	7	432	2842	1356	-1706	-558	-2525	683	-3322	7	4	-5476	-1825	-259	-42736	-1034	-5147	5	6	1798	3344	-8484	-2644	4212	-7336	-32	3480	-440	-392	-6944	280	-232	64	-280	-352	112	-2440	-2640	-3000	-2968	-3024	53168	-2568	448	-3064	-264	-80	-1584	-2800	-2112	-2040	-3256	-13512	-2400	-920	-3872	-3376	23920	-592	640	-752	5536	-1152
