-43296856	-32986509	-41374348	-20917196	-58811422	-44736111	-9407897	-26455894	-23026226	-2002766	-34523974	-28526130	-21219653	-44017922	-48436403	-4554432	-30348873	-14642364	-8996859	-35091645	-4357290	-3142416	-23734842	-47397109	-26183013	-15092819	-39800725	-39419280	-48750963	-54946173	-36015592	-22649807	-26100283	-49025816	-54706754	-48472341	-13126196	-12904948	-20404913	-3789716	-15561111	-26032324	-41436247	-30963995	-56864829	-19588425	-39931319	-7928419	-17652478	-36237455	-38862118	-23372803	-5804440	-7373214	-25472373	-34935312	-2192732	-51697093	-47497945	-17963894	-24762602	-53923682	-34819054	-24900477	-36000448	-47391672	-56584402	-52433839	-26007984	-55688982	-200624025	-34861767	-60661179	-12391701	674616	4170816	-30715575	-127275750	-23641515	-15033240	7839171	14130000	-36588141	-37306530	-26226684	7834428	15585948	-38163339	-35268948	6276051	-8306550	-14512878	-31063878	-30437685	4091931	-36480096	-15458148	-17159256	10495089	16285194	-19776582	-12900951	12090384	-30345093	-33251193	13062762	3420558	-9579915	-31391766	11348433	-1488600	-35874567	15978204	-27404145	-31525677	-33092973	-11198979	-38289681	-8729172	-27849861	-14242401	-10502001	6090156	8161371	-12872052	-27401229	11596878	-1855971	-11038113	-13632489	-33784416	-10474110	-31739850	6791409	-19861677	-28148886	-35939115	13651560	-32912271	5209875	-33751287	-34309323	12452778	10302858	-32546502	7387344	-12392433	-4961016	2643237	-37608318	-42233967	-16371882	303102	-5778972	1361475	2864322	-54218295	-159915465	-1151658	-2754081	4405509	4449411	4337388	72529101	4553739	7067169	5701104	5974074
-32986509	-28561018	-33823123	-20329477	-45136808	-36338608	-9665014	-23236228	-19315783	-2335979	-26885458	-21827219	-16005556	-34301781	-37306389	-7000475	-25306500	-13936581	-8381475	-28840252	-5649309	-4613660	-21261371	-36164684	-20399378	-12427464	-30883920	-29966784	-36629251	-41522155	-29718315	-18930301	-19867351	-37589681	-43133686	-36447828	-14921170	-12279945	-18219355	-6486323	-13820269	-20788280	-32323168	-25983843	-44088421	-16190513	-29760690	-7792601	-15755703	-30416325	-27390123	-20279643	-6008328	-9415610	-20373695	-27555354	-5300711	-37719444	-36251887	-15683582	-20141336	-41730207	-28573228	-20402786	-28422721	-39055303	-43021386	-41554101	-21439490	-48321309	-168557232	-26223339	-50005494	-10817907	861039	824685	-22264740	-93822723	-18575838	-10639620	7415118	11459889	-23505930	-25048467	-15098139	6348285	12304476	-26723142	-24419331	7286652	-2698560	-9311148	-21186378	-21075282	4844970	-23787702	-8681688	-12338289	8610525	13685688	-13600413	-6392916	10538685	-19707462	-22777362	11471013	4380228	-4538286	-20984562	9354465	1434996	-24867612	13193775	-17051220	-21842280	-22013271	-7024914	-26951904	-4531266	-19510830	-7894152	-5645844	4407327	7387875	-8772984	-19116855	10018575	-1243530	-7084467	-7735698	-22016880	-4592205	-20525220	4970790	-11388528	-16607475	-24267186	12205845	-21979125	5324121	-21732201	-25165116	11049957	11192562	-21109608	5901804	-7489638	-2205684	2838888	-34956234	-38328768	-12899790	1104489	-3357099	2784645	3650994	-36662139	-109308042	-2777328	-3962034	4573584	2501604	2398653	64577412	1992519	6211647	4577310	4420089
-41374348	-33823123	-41234850	-22888537	-56605447	-44390033	-10596358	-27374158	-23165661	-2334185	-33424450	-27369787	-20129199	-42600397	-46765934	-6540016	-30575036	-15878176	-9640953	-35002620	-5717788	-4308529	-24770866	-45420019	-25324925	-14959693	-38487385	-37692233	-46308706	-52215694	-36060451	-22776128	-24855268	-47145554	-53438367	-46135248	-15856120	-13837334	-21153331	-5861303	-16060697	-25678487	-40081611	-31169640	-55046933	-19640962	-37795946	-8706593	-18331368	-36626183	-35728809	-23950471	-6426179	-9401374	-24931470	-34175157	-4440523	-48350498	-45641161	-18441208	-24494254	-52099396	-34698024	-24846996	-35112396	-47373660	-54188243	-51234803	-25890823	-57104527	-202108179	-33199215	-60297309	-12658131	1024530	2436864	-28676751	-119936520	-23073471	-13870539	8567928	14028903	-32199066	-33560109	-21933918	7856046	15325425	-35076636	-32324346	7728642	-5446368	-12754377	-28154475	-27828063	5033943	-32457429	-12687849	-15988419	10491030	16544565	-18026640	-10089189	12522564	-26878968	-30182796	13569669	4607172	-7280442	-28182951	11397276	231408	-32910444	15978375	-23639670	-28916775	-29646927	-9649107	-35194140	-6815151	-25637886	-11726091	-8505459	5538816	8656668	-11621574	-25109019	11883474	-1633023	-9726075	-11201445	-29975724	-7727553	-27983808	6275232	-16446717	-23785749	-32364315	14256657	-29567601	5927247	-29719674	-32351103	13008528	12191526	-28847646	7183800	-10706355	-3585672	3098574	-40072707	-44437167	-15955137	912735	-4831704	2436453	3825063	-48999519	-145369566	-2478681	-4012983	4994379	3559464	3361014	75423717	3173742	7274286	5534244	5450247
-20917196	-20329477	-22888537	-15816798	-28734447	-24450309	-7833653	-16744638	-13468181	-2088016	-17435790	-13914709	-10098681	-22265732	-23798498	-6868126	-17466183	-10613921	-6302457	-19624964	-5129227	-4475542	-15620948	-22910155	-13246770	-8522880	-19917002	-18936889	-22839256	-26106095	-20305332	-13101357	-12630802	-23902764	-28200761	-22739560	-12692011	-9485500	-13396360	-6583509	-10125723	-13699577	-20998508	-18072502	-28358813	-11079301	-18410772	-6132207	-11545377	-21071588	-15870030	-14513575	-4947593	-8537934	-13598817	-17981528	-5814996	-22763584	-22920845	-11281189	-13653268	-26811864	-19441851	-13835515	-18665558	-26642075	-27107778	-27369049	-14699000	-34537902	-117263595	-16348308	-34340724	-7824930	690267	-1070010	-13320276	-57195378	-12102156	-6216183	5571693	7692417	-11938149	-13588848	-6310521	4207158	8016858	-15312375	-13732632	6240294	641961	-4741767	-11719152	-11905533	4192155	-12321009	-3493296	-7316685	5797773	9450288	-7607529	-1786545	7485282	-10188009	-12705408	8205462	3831831	-1095804	-11314701	6312474	2630466	-14005944	8996202	-8314641	-12288087	-11798928	-3498426	-15567228	-1528173	-11167416	-3024009	-2041011	2698326	5373369	-4882950	-10916775	7134489	-678375	-3612537	-3182922	-11435670	-723663	-10563057	3044619	-4817439	-7308585	-13267611	8894988	-11813391	4223124	-11109996	-15209955	7980543	9210960	-10859031	3948876	-3391803	-433062	2323953	-26328996	-28339038	-8462772	1237950	-1477062	2893509	3162159	-20097909	-60785397	-2923371	-3670353	3623373	1055916	985527	47128311	381591	4467312	3101004	2806245
-58811422	-45136808	-56605447	-28734447	-80387646	-61227721	-12835515	-36263785	-31401136	-2566441	-46999016	-38814456	-28654832	-59843604	-66247458	-6129790	-41586543	-20207628	-12342833	-48044196	-6081715	-4117025	-32440976	-64578824	-35598409	-20412343	-54276837	-53595086	-66395259	-74616481	-49284717	-30890455	-35270880	-66838535	-74797211	-66015523	-18245317	-17475188	-27698410	-5126663	-21206293	-35697154	-56429232	-42263172	-77701100	-26798970	-54289244	-10829757	-23959667	-49702666	-52723496	-31808458	-7654438	-10072074	-34564673	-47901144	-3139413	-70234703	-64880361	-24485494	-33609606	-73641140	-47633869	-34115194	-49068419	-64757776	-77213338	-71535041	-35368373	-76022397	-273662463	-47674890	-82401084	-16807620	1126533	5515038	-41923008	-173554254	-32417622	-20405394	11022075	19392057	-49668885	-50701761	-35452845	10892754	21413340	-51952707	-48156219	8866971	-10862352	-19655847	-42258123	-41443542	5654871	-49700934	-20697489	-23411745	14452290	22499208	-26947584	-17286813	16791606	-41231466	-45186777	18070866	5082723	-12718359	-42689664	15695388	-1909881	-49061052	21905595	-36888228	-43135866	-44956359	-15056694	-52066989	-11460456	-37988640	-19228842	-14085612	8066718	11371473	-17393400	-37275903	15881517	-2450907	-14928588	-18196632	-45873009	-13848507	-43029279	9117882	-26561718	-38038959	-48819726	18773037	-44773254	7239915	-45834606	-46964349	17200512	14517819	-44272062	10000071	-16958421	-6465114	3697749	-51413229	-57870612	-22293738	604125	-7672644	2052135	4343301	-73731276	-217634850	-1989522	-4102812	6227523	5827302	5581791	99021447	5732451	9644184	7705044	7874334
-44736111	-36338608	-44390033	-24450309	-61227721	-47871012	-11278289	-29396409	-24931838	-2474667	-36086346	-29559357	-21741531	-45991648	-50554869	-6821220	-32907780	-16997980	-10285153	-37760456	-6002286	-4488521	-26559785	-49107548	-27346084	-16093844	-41596666	-40719539	-50154849	-56544641	-38819078	-24480603	-26852877	-50949324	-57692311	-49883152	-16793528	-14779767	-22682317	-6063233	-17283758	-27690412	-43335083	-33546812	-59490149	-21122524	-40895358	-9300302	-19637380	-39433266	-38781798	-25695088	-6813688	-9934492	-26859364	-36905189	-4546182	-52422274	-49349239	-19804782	-26366345	-56339971	-37408189	-26764450	-37877446	-50988730	-58614610	-55317153	-27883425	-61343665	-217492536	-35972853	-64966224	-13607613	1061010	2796396	-31142568	-129987441	-24941448	-15049125	9187704	15119019	-35152902	-36526608	-24048657	8455050	16517628	-38083986	-35111241	8196822	-6146757	-13912821	-30636558	-30238749	5323608	-35385381	-13939830	-17351073	11314926	17820990	-19602108	-11116881	13499442	-29300391	-32836527	14578578	4852908	-8074377	-30704040	12291183	71793	-35798805	17217369	-25813125	-31444596	-32262615	-10571976	-38245050	-7505019	-27849402	-12873339	-9335772	6016860	9297486	-12631977	-27282852	12757428	-1783638	-10590525	-12295845	-32649948	-8553897	-30528792	6797133	-18025920	-26048241	-35230221	15316137	-32172660	6304275	-32456196	-35070480	13970349	12952638	-31458429	7750755	-11724813	-3999420	3283317	-42857991	-47644497	-17182773	955854	-5271993	2549421	4064067	-53295354	-158002407	-2587707	-4208031	5392089	3927042	3740661	80887248	3524391	7809534	5998293	5934222
-9407897	-9665014	-10596358	-7833653	-12835515	-11278289	-4006774	-8004532	-6369029	-1167642	-7939271	-6275004	-4594018	-10174747	-10623466	-3772606	-8165029	-5166910	-3071127	-9110060	-2681145	-2496402	-7561416	-10276564	-6056004	-4040293	-9008544	-8499835	-10129918	-11708697	-9456337	-6159360	-5764933	-10712672	-12791070	-10085827	-6479059	-4759365	-6547842	-3651800	-4935216	-6207646	-9569801	-8532535	-12770863	-5176017	-8161567	-3093231	-5621282	-9844293	-6765189	-6984426	-2599268	-4524224	-6297067	-8090229	-3247715	-9937951	-10227445	-5402684	-6391577	-12071667	-9033019	-6384137	-8542219	-12392488	-12052979	-12519327	-6917755	-16514480	-55329573	-7167960	-16194474	-3768591	318516	-876597	-5717700	-24975270	-5466348	-2686806	2638998	3490173	-4579632	-5520492	-2022984	1853865	3588498	-6446484	-5641506	3136068	794970	-1842795	-4788063	-4962060	2135025	-4778379	-1149561	-3147219	2615319	4353804	-3136707	-270009	3476232	-3987189	-5259069	3823443	1851552	-118503	-4564125	2823219	1618164	-5778180	4153554	-3181590	-5026104	-4731732	-1379475	-6596937	-446922	-4675491	-882216	-554868	1237860	2503044	-2061981	-4586094	3367467	-308259	-1423692	-1069911	-4476717	161379	-4130451	1335051	-1651356	-2486601	-5389218	4242321	-4734855	2056275	-4297914	-6555006	3760092	4546143	-4213845	1818108	-1151235	-24192	1123146	-12923775	-13774212	-3861783	653481	-552123	1542510	1502496	-8188425	-25010532	-1513242	-1889244	1721574	390663	388638	22771449	36774	2111913	1455651	1315197
-26455894	-23236228	-27374158	-16744638	-36263785	-29396409	-8004532	-18957722	-15683159	-1944778	-21635943	-17527341	-12823526	-27604950	-29989778	-5949655	-20550952	-11447493	-6863197	-23361516	-4755601	-3888214	-17375459	-29017083	-16413581	-10037069	-24846089	-24033610	-29336295	-33262346	-24087785	-15347513	-15919961	-30180187	-34767936	-29201057	-12460926	-10075972	-14864970	-5536230	-11275253	-16779772	-26007563	-21080862	-35474268	-13123655	-23820570	-6429288	-12849539	-24700286	-21756401	-16504666	-4943248	-7899942	-16424996	-22206280	-4605499	-30097149	-29116191	-12763000	-16286286	-33568578	-23139568	-16521581	-22899915	-31627426	-34510537	-33500536	-17357997	-39344400	-136775133	-21019992	-40485780	-8806350	745983	416112	-17765658	-75009609	-14984397	-8474031	6100902	9263475	-18447876	-19789947	-11651040	5134248	9929745	-21228489	-19374237	6104466	-1799541	-7308540	-16764057	-16725042	4042242	-18737721	-6666732	-9850779	6953472	11120643	-10783377	-4798431	8596944	-15503238	-18041985	9345375	3690702	-3376683	-16574409	7562880	1392345	-19755639	10674189	-13309713	-17343099	-17371269	-5495724	-21412827	-3406095	-15512049	-6057081	-4308714	3490902	6036993	-6944103	-15180741	8150949	-977166	-5567850	-5931702	-17314461	-3346326	-16121520	3942468	-8778150	-12866112	-19164708	9960714	-17348832	4398876	-17069688	-20129301	9016677	9310698	-16605000	4746015	-5849991	-1608228	2350800	-28635633	-31347000	-10381716	981018	-2601531	2394225	3068361	-29009448	-86636304	-2427813	-3386610	3761235	1909089	1807434	52700949	1413369	5045490	3693600	3516210
-23026226	-19315783	-23165661	-13468181	-31401136	-24931838	-6369029	-15683159	-13240216	-1547122	-18686725	-15252099	-11252260	-23836764	-25886251	-4346056	-17297825	-9195476	-5569329	-19745800	-3552415	-2901701	-14341405	-25204994	-14183380	-8533123	-21446206	-20921763	-25630516	-29044634	-20331463	-12927244	-13906574	-26130050	-29791705	-25502243	-9557959	-8215416	-12327137	-3988432	-9375337	-14253782	-22458441	-17753824	-30588810	-11076662	-20881467	-5167845	-10610600	-20704688	-19477133	-13745623	-3982875	-5956831	-14093951	-18996309	-3130664	-26572713	-25221339	-10612898	-13867551	-28975159	-19586244	-13969387	-19671964	-26705014	-29960826	-28712645	-14719412	-32733694	-115021686	-18338007	-34383855	-7358313	476268	939990	-15721053	-65916315	-12855879	-7585506	4866696	7859358	-17099856	-18033903	-11365056	4315302	8462700	-19013733	-17374320	4633911	-2536938	-6794604	-15159231	-15042294	3058470	-17218872	-6620796	-8736165	5841018	9284301	-9717651	-5059638	7076331	-14321466	-16308621	7693200	2655990	-3680334	-15129090	6333264	582120	-17697339	9004626	-12597552	-15538536	-15900273	-5204421	-19161972	-3563793	-13863096	-6002073	-4365360	3156372	4883436	-6310944	-13624578	6797223	-888579	-5175441	-5872635	-15971544	-3829950	-14943645	3521313	-8658081	-12418848	-17434188	8184168	-15828084	3431655	-15841503	-17675352	7397028	7166916	-15310899	4095108	-5518548	-1873359	1814454	-23318640	-25697250	-8941752	594891	-2543724	1632231	2211624	-26341416	-78316956	-1541673	-2395899	2910816	1937439	1869966	43465005	1704726	4169232	3196989	3179007
-2002766	-2335979	-2334185	-2088016	-2566441	-2474667	-1167642	-1944778	-1547122	-473814	-1735443	-1333425	-1057178	-2250892	-2088473	-1284014	-1856841	-1306453	-783093	-2067006	-792610	-924579	-1933385	-2118259	-1353476	-1031937	-1904246	-1771230	-2030399	-2506965	-2122179	-1464056	-1344313	-2184653	-2669318	-1992110	-1786979	-1365133	-1769292	-1271424	-1330396	-1264354	-2123805	-2058483	-2615434	-1181133	-1641618	-884536	-1486642	-2225569	-1201272	-1771544	-878117	-1437448	-1476845	-1626399	-1092785	-1915577	-2016730	-1363758	-1521389	-2489509	-2044944	-1398410	-1873145	-2799250	-2376222	-2735393	-1683863	-4103206	-13309179	-1330569	-4007190	-985641	-6462	-413394	-1003368	-4667355	-1109628	-497547	566271	700281	-450171	-752364	80667	301329	668043	-1027845	-762354	802179	400500	-189432	-673065	-756954	593991	-439281	-33885	-540900	517644	893889	-439434	246168	736128	-431784	-793197	823851	357255	157671	-598446	523611	618363	-780615	926901	-380430	-640710	-601893	-224838	-1112607	-43407	-709362	116919	101871	347013	517032	-361242	-739899	777969	-84564	-164214	-55332	-481986	277308	-485163	305253	-91440	-20070	-761148	1019286	-591003	487251	-448092	-1104570	836082	1098315	-407484	432333	57960	28233	253017	-3403692	-3544344	-840132	158760	-84051	442989	263655	-1138374	-3617703	-360531	-456678	366687	76869	148959	5799195	32805	502524	368064	393012
-34523974	-26885458	-33424450	-17435790	-46999016	-36086346	-7939271	-21635943	-18686725	-1735443	-27677858	-22808899	-16930659	-35280945	-38714509	-4194005	-24627317	-12133890	-7435704	-28365798	-3873834	-2879143	-19488290	-37832661	-20979583	-12180525	-31860962	-31462113	-38791429	-43744419	-29128661	-18376252	-20833677	-39147605	-43919465	-38626834	-11296618	-10692103	-16728257	-3630749	-12729334	-20936022	-33206931	-25111345	-45530259	-15861675	-31771599	-6622184	-14445905	-29390850	-30629496	-19063860	-4874390	-6469377	-20485153	-28034202	-2359945	-40945069	-37927243	-14638270	-19957795	-43126790	-28117645	-20120860	-28896778	-38314488	-45108510	-42092905	-21038996	-45441686	-162773022	-27747393	-49072842	-10094121	632397	2929593	-24316284	-101061423	-18995472	-11891808	6495066	11373084	-28468935	-29234736	-20150892	6311160	12518082	-30091635	-27760365	5416704	-6009543	-11280051	-24369822	-23966478	3527478	-28476918	-11819259	-13588047	8441199	13196979	-15540777	-9743904	9852075	-23685642	-26103996	10659708	3010716	-7193520	-24589926	9135522	-757377	-28239318	12919383	-21258513	-24808356	-25909236	-8708211	-30174417	-6614325	-21955716	-10890702	-8005878	4796055	6679827	-10117197	-21591774	9439515	-1437453	-8609643	-10416357	-26363637	-7814268	-24742233	5361147	-15245865	-21677499	-28157634	11180106	-25781454	4351725	-26272593	-27247824	10173537	8768817	-25378686	5924790	-9578700	-3690009	2213865	-31070736	-34777944	-13151052	390474	-4423653	1379511	2547315	-42509529	-125631243	-1239219	-2537811	3656988	3358422	3268269	59342787	3341493	5736987	4571478	4714524
-28526130	-21827219	-27369787	-13914709	-38814456	-29559357	-6275004	-17527341	-15252099	-1333425	-22808899	-18860190	-14010180	-29065777	-31953363	-3058208	-20110951	-9702902	-5985281	-23186836	-2947276	-2124292	-15749031	-31265851	-17288440	-9962466	-26259659	-26017370	-32107914	-36165342	-23822458	-15003362	-17211524	-32327413	-36129589	-31990058	-8782571	-8559813	-13521533	-2601839	-10296319	-17189311	-27344373	-20486001	-37539258	-12979136	-26333853	-5271104	-11668278	-23964693	-25563123	-15471085	-3847001	-4906814	-16833447	-23072264	-1551418	-34010872	-31334952	-11874244	-16349764	-35564290	-23007454	-16471316	-23785007	-31331308	-37290661	-34605976	-17194072	-36863801	-132676860	-22977087	-40099803	-8179722	477261	2677176	-20225547	-83873151	-15632343	-9917613	5207184	9333675	-24005880	-24544467	-17207541	5193108	10303299	-25138296	-23227317	4199814	-5366142	-9519840	-20412747	-20044395	2715696	-23982606	-10108026	-11313936	6907545	10768086	-13012335	-8447940	7990488	-19964160	-21854547	8648478	2300868	-6245109	-20644929	7478991	-915417	-23611743	10566567	-17994726	-20750598	-21784599	-7349067	-25179093	-5691582	-18334305	-9335691	-6884136	3981204	5389866	-8472807	-18037494	7681563	-1197621	-7260579	-8899146	-22215744	-6844032	-20856798	4459203	-13017474	-18466290	-23621409	9031887	-21662442	3443499	-22160628	-22632381	8234820	6881364	-21386520	4873410	-8135280	-3228489	1747233	-24953193	-28020816	-10838448	217944	-3776193	933768	1944513	-35666757	-105281208	-804168	-1886166	2864484	2874609	2781135	47979216	2924667	4649157	3747303	3901203
-21219653	-16005556	-20129199	-10098681	-28654832	-21741531	-4594018	-12823526	-11252260	-1057178	-16930659	-14010180	-10531344	-21614365	-23552532	-2199742	-14760713	-7002803	-4353621	-17049494	-2052358	-1607943	-11554321	-23182037	-12850499	-7429172	-19439710	-19354690	-23823242	-26936842	-17499799	-11079751	-12917649	-23931950	-26642619	-23749614	-6211814	-6327776	-10007135	-1859852	-7578544	-12615146	-20294893	-15094338	-27724644	-9541352	-19608918	-3855464	-8627998	-17543895	-19111873	-11429599	-2925215	-3514345	-12513170	-16930855	-979731	-25350619	-23161002	-8727743	-12135534	-26266837	-16906673	-12087499	-17596967	-23067079	-27571800	-25564242	-12755134	-27143698	-97915806	-16942518	-29798391	-6054828	273117	2128599	-14988750	-62219043	-11503782	-7431516	3658266	6807222	-18006696	-18366147	-13037706	3717189	7534926	-18737010	-17243091	2883609	-4292460	-7150509	-15232572	-14948244	1919412	-17908425	-7757442	-8402310	5006763	7783326	-9685917	-6499674	5729247	-14969016	-16325910	6224814	1435032	-4876479	-15442407	5384529	-800307	-17500869	7742025	-13680657	-15357942	-16310061	-5615226	-18780768	-4500162	-13628556	-7092963	-5277357	3059298	3826179	-6397668	-13466178	5604399	-930042	-5482431	-6846957	-16651404	-5370750	-15684093	3355983	-10002915	-13976775	-17665947	6561603	-16188858	2423853	-16608798	-16718859	5932467	4769388	-16000515	3621546	-6054633	-2576988	1195137	-18273681	-20517246	-8025615	59211	-2896992	574857	1218672	-26612388	-78473853	-352755	-1197828	1978830	2243214	2241756	35178381	2408211	3395682	2795148	3012714
-44017922	-34301781	-42600397	-22265732	-59843604	-45991648	-10174747	-27604950	-23836764	-2250892	-35280945	-29065777	-21614365	-45031728	-49279304	-5437133	-31381162	-15469955	-9482772	-36141522	-4933277	-3750319	-24882138	-48210062	-26758585	-15564440	-40597876	-40119312	-49400881	-55782199	-37123644	-23457261	-26600620	-49873110	-55954344	-49211712	-14441944	-13701457	-21395063	-4708953	-16257974	-26649500	-42334645	-32028420	-58001786	-20215843	-40499843	-8474026	-18481254	-37450562	-39015285	-24372578	-6282756	-8328221	-26144267	-35673230	-3048137	-52178514	-48300342	-18689244	-25473184	-54940568	-35828173	-25625557	-36844354	-48864437	-57438656	-53666268	-26863072	-58039189	-207792252	-35291532	-62678277	-12898494	799725	3703218	-30929607	-128645694	-24202431	-15169995	8231058	14453091	-36221157	-37237671	-25625484	7991964	15918948	-38328624	-35307369	6881634	-7675002	-14366430	-31019724	-30515571	4524840	-36230121	-15077727	-17315910	10705788	16758657	-19788939	-12395169	12514599	-30156759	-33247143	13553649	3779856	-9188946	-31294413	11590263	-937305	-35916534	16445826	-27109710	-31534344	-32990355	-11114037	-38443086	-8483238	-27945603	-13861674	-10192077	6136011	8484462	-12939453	-27504747	12036069	-1861632	-10963683	-13308588	-33543135	-9967887	-31510314	6828426	-19465101	-27595485	-35842959	14241375	-32808735	5531652	-33415947	-34682184	12951576	11155122	-32294835	7559487	-12160179	-4739670	2800377	-39719754	-44407845	-16762950	490671	-5625153	1786617	3228579	-54055836	-159775497	-1549692	-3227202	4654503	4307823	4209651	75779307	4303854	7326450	5826411	6055965
-48436403	-37306389	-46765934	-23798498	-66247458	-50554869	-10623466	-29989778	-25886251	-2088473	-38714509	-31953363	-23552532	-49279304	-54683706	-5131866	-34355263	-16785969	-10245994	-39664148	-5105381	-3377895	-26794922	-53204231	-29315980	-16816140	-44743964	-44142578	-54685911	-61398825	-40738078	-25481240	-28997546	-55135051	-61713184	-54371741	-15241485	-14417921	-22829705	-4266894	-17460380	-29539337	-46438438	-34872008	-64076196	-22151724	-44697560	-8970341	-19814242	-41097948	-43376476	-26274208	-6295213	-8375165	-28456126	-39552346	-2679014	-57822383	-53534790	-20226417	-27747703	-60728585	-39333172	-28190337	-40444394	-53496126	-63683992	-58979682	-29144502	-62780767	-225796242	-39278139	-67829658	-13841457	1012266	4473747	-34495707	-142948269	-26708508	-16759548	9203364	16036641	-40789791	-41647626	-29024856	9055836	17733843	-42732360	-39665979	7449534	-8767629	-16138836	-34751448	-34084746	4730760	-40869144	-16903233	-19258947	11992221	18663003	-22169448	-14112369	13932549	-33838839	-37151352	14978520	4360383	-10325646	-35066331	13021560	-1510695	-40420539	18086040	-30180978	-35535348	-36918477	-12274731	-42802614	-9282357	-31282785	-15745302	-11506347	6576966	9476028	-14251158	-30642507	13120812	-2010321	-12262059	-14845203	-37680867	-11224026	-35280810	7463601	-21664332	-31145193	-40097601	15537843	-36793863	6087564	-37621188	-38691495	14270319	12147741	-36385425	8207100	-13969467	-5181831	3124359	-42531876	-47823453	-18352359	545292	-6338196	1690146	3624723	-60699483	-179195247	-1767987	-3510621	5163831	4734126	4483107	81964548	4579983	7979715	6316785	6381828
-4554432	-7000475	-6540016	-6868126	-6129790	-6821220	-3772606	-5949655	-4346056	-1284014	-4194005	-3058208	-2199742	-5437133	-5131866	-4529522	-5333137	-4355772	-2529807	-5727185	-2930175	-2964721	-5909422	-4868470	-3243143	-2704733	-4632177	-4002113	-4414968	-5444825	-6035426	-4119801	-2880040	-5176623	-6919527	-4373136	-6533438	-4189819	-5186509	-4476859	-3860950	-3457703	-5104796	-5797804	-6428690	-3313273	-3403300	-2781467	-4452170	-6540938	-1653411	-5174438	-2600693	-5021879	-3793295	-4310187	-4198022	-3552805	-4733436	-4068231	-4069662	-6082410	-5699638	-3956633	-4766654	-7908582	-5528867	-7063969	-4526610	-12112962	-37677861	-3034806	-10672380	-2893794	224634	-2110440	-1807194	-9271584	-2858085	-695907	2106405	2083887	1038348	-115884	2578644	1011753	1877643	-1259370	-698985	3177450	2810700	365310	-407727	-738873	2248884	803781	1548882	-911259	1592793	2822544	-364959	2291256	2445156	645138	-622557	2765655	1913643	1807560	29205	1711719	2628333	-727182	2631321	1117035	-588492	121176	350370	-1497780	1119879	-870210	1720494	1383561	575757	1891980	-269784	-856548	2438370	-71073	276084	1247409	631818	2372535	690831	574659	1723878	2293371	-269712	3246525	94662	1891710	866331	-2192130	2802915	4342500	777438	1120608	986085	953154	1100772	-10704123	-10883619	-2137698	838836	374166	1906308	1488807	-449010	-2482812	-1866078	-2044926	1580229	-291843	-262197	17693316	-768852	1612872	933120	731025
-30348873	-25306500	-30575036	-17466183	-41586543	-32907780	-8165029	-20550952	-17297825	-1856841	-24627317	-20110951	-14760713	-31381162	-34355263	-5333137	-22794304	-12049303	-7279079	-26019734	-4544944	-3494162	-18673936	-33312028	-18657657	-11097582	-28333219	-27629138	-33898489	-38258483	-26791391	-16957019	-18233481	-34593823	-39418915	-33768137	-12360846	-10520682	-15936373	-4850017	-12107280	-18955893	-29548766	-23237617	-40505647	-14596987	-27633440	-6665849	-13774242	-27295687	-25869731	-17928377	-4945999	-7460884	-18436889	-25201923	-3818412	-35209811	-33480972	-13819301	-18161950	-38329308	-25773192	-18447700	-25899462	-35173808	-39711945	-37826078	-19255483	-42793226	-150692802	-24322989	-44876358	-9505527	785730	1415622	-20891241	-87542775	-17036370	-10074780	6492267	10386891	-22973544	-24118101	-15375924	5802669	11294073	-25375842	-23333400	6047577	-3457152	-9091521	-20278917	-20105523	3929544	-23220846	-8855424	-11635335	7758513	12321945	-13003191	-6892488	9385749	-19219923	-21763872	10161909	3610737	-4947597	-20257506	8436420	555336	-23780835	11865330	-16791021	-20888370	-21284046	-6890679	-25481520	-4683168	-18553896	-8160372	-5899041	4031784	6496110	-8375535	-18164655	8890182	-1160172	-6943779	-7808607	-21428451	-5172822	-19996731	4568157	-11531727	-16735347	-23272605	10720170	-21228039	4522248	-21230370	-23599152	9756126	9416052	-20612250	5311683	-7565769	-2413197	2376243	-30309462	-33529248	-11760687	802143	-3401028	2039013	2996028	-35279577	-104865597	-2096118	-3217968	3802221	2476494	2331909	56682018	2095227	5432508	4114476	4001157
-14642364	-13936581	-15878176	-10613921	-20207628	-16997980	-5166910	-11447493	-9195476	-1306453	-12133890	-9702902	-7002803	-15469955	-16785969	-4355772	-12049303	-7261244	-4289911	-13615735	-3368931	-2799990	-10574771	-16078039	-9205095	-5825868	-13939860	-13263159	-16104917	-18309396	-14048495	-9001089	-8773681	-16821110	-19730841	-16000854	-8437777	-6292881	-9009102	-4126305	-6823995	-9659794	-14611383	-12397582	-19900038	-7660625	-12973100	-4100310	-7826273	-14584856	-11366788	-9880625	-3187102	-5541242	-9356841	-12652709	-3652705	-16171245	-16178318	-7693439	-9398108	-18820965	-13461705	-9613853	-12967848	-18440181	-19140790	-19049371	-10084203	-23585125	-80500245	-11557974	-23488260	-5271501	540729	-480393	-9499776	-40620042	-8467191	-4417155	3884382	5354793	-8896833	-9895239	-4925790	3003210	5660658	-11024739	-10020447	4184721	156636	-3495096	-8543295	-8607852	2785113	-9161739	-2698497	-5217111	4099752	6596613	-5522076	-1576440	5222700	-7510068	-9202806	5682258	2669454	-972603	-8264475	4471056	1550862	-10225602	6249402	-6124437	-8978481	-8612262	-2545290	-11164095	-1185093	-8080947	-2433006	-1625769	1831221	3761514	-3490965	-7857369	4865724	-495009	-2654964	-2428227	-8425971	-755640	-7778034	2112417	-3619530	-5599188	-9655587	6090660	-8656317	2896857	-8222652	-10868922	5514390	6237756	-8070102	2695995	-2663280	-355482	1586700	-17766567	-19231695	-5855760	832437	-1135296	1842777	2179494	-14679279	-44234343	-2000376	-2481435	2488077	753867	690363	32109372	269001	3059775	2087856	1856115
-8996859	-8381475	-9640953	-6302457	-12342833	-10285153	-3071127	-6863197	-5569329	-783093	-7435704	-5985281	-4353621	-9482772	-10245994	-2529807	-7279079	-4289911	-2587634	-8205160	-1969827	-1656686	-6346665	-9873239	-5646076	-3566044	-8508653	-8180545	-9876075	-11232092	-8513603	-5469019	-5428100	-10310308	-12006227	-9866298	-4934592	-3780678	-5433507	-2408834	-4085366	-5857405	-8910248	-7499936	-12142427	-4662161	-8011792	-2437678	-4717590	-8774797	-7095459	-5974205	-1929825	-3216787	-5737566	-7683884	-2085108	-9991445	-9906681	-4632797	-5738620	-11475266	-8139541	-5817616	-7936921	-11178513	-11722702	-11596463	-6122701	-14185989	-48624723	-7058883	-14253483	-3168594	304584	-181125	-5840295	-25002360	-5132853	-2756178	2272563	3243825	-5632317	-6232194	-3269295	1817874	3444921	-6877611	-6246711	2417850	-101205	-2230371	-5334300	-5373918	1618047	-5779170	-1824669	-3224421	2462157	3950118	-3447585	-1166535	3085380	-4772340	-5751342	3386097	1517805	-743355	-5189157	2675817	831627	-6337638	3775104	-3975111	-5566554	-5446242	-1624167	-6933294	-864927	-5017158	-1648935	-1133397	1148058	2218536	-2203893	-4893111	2934801	-312714	-1705428	-1639386	-5359113	-673434	-4941828	1319490	-2441394	-3682521	-6060609	3626316	-5459508	1702233	-5210001	-6675957	3281139	3632724	-5108229	1650204	-1703016	-316971	931392	-10630539	-11491362	-3605418	435780	-775440	1011771	1214838	-9225630	-27739827	-1076085	-1407780	1395792	516375	465588	19287315	281232	1834731	1260036	1149714
-35091645	-28840252	-35002620	-19624964	-48044196	-37760456	-9110060	-23361516	-19745800	-2067006	-28365798	-23186836	-17049494	-36141522	-39664148	-5727185	-26019734	-13615735	-8205160	-29858850	-4942933	-3779829	-21156639	-38513212	-21500740	-12729249	-32686844	-31906339	-39306500	-44364087	-30647319	-19355118	-21085125	-39961765	-45368015	-39043724	-13641225	-11852192	-18086404	-5139216	-13803878	-21787600	-34106087	-26567164	-46718131	-16676032	-31998373	-7489495	-15634256	-31197833	-30195663	-20391615	-5532162	-8205761	-21159799	-29017783	-3942102	-40960521	-38687964	-15739750	-20803635	-44253544	-29551096	-21119261	-29788542	-40244965	-45941140	-43543989	-22052622	-48717458	-172208151	-28176699	-51409224	-10828389	830379	1967025	-24326658	-101644479	-19611054	-11719341	7340337	11906469	-27134208	-28286550	-18371394	6638040	12960027	-29605068	-27249372	6665391	-4484592	-10722024	-23769729	-23487786	4337775	-27313326	-10643364	-13522248	8932842	14089248	-15205923	-8371665	10721619	-22618224	-25489035	11562615	3936591	-6077538	-23789484	9689922	322776	-27807858	13611483	-19874439	-24412554	-24952725	-8180901	-29770038	-5702526	-21650445	-9791262	-7075971	4729662	7390881	-9794565	-21212838	10101834	-1386288	-8166267	-9386469	-25205085	-6371262	-23579019	5324742	-13770585	-19930032	-27315378	12201462	-24896682	5058567	-25067214	-27375066	11091006	10448505	-24278967	6111270	-8980452	-3004362	2636379	-34244163	-38023911	-13497246	836055	-4043115	2168154	3294972	-41321691	-122607189	-2208627	-3457323	4349376	3005019	2897937	64384713	2644812	6194475	4752756	4679694
-4357290	-5649309	-5717788	-5129227	-6081715	-6002286	-2681145	-4755601	-3552415	-792610	-3873834	-2947276	-2052358	-4933277	-5105381	-2930175	-4544944	-3368931	-1969827	-4942933	-2074196	-1878160	-4584506	-4773796	-2946575	-2173898	-4369490	-3910660	-4526559	-5268983	-5178756	-3423305	-2633494	-5071386	-6445463	-4521924	-4702421	-3015902	-3916877	-2895667	-2927214	-3249581	-4660795	-4764701	-6187941	-2846050	-3550209	-2021787	-3384663	-5545661	-2378737	-4058333	-1720529	-3367015	-3246712	-4124782	-2748535	-4025255	-4781153	-3194719	-3403937	-5823584	-4895781	-3477566	-4296986	-6766928	-5597043	-6342943	-3735969	-9629106	-30884967	-3242013	-8716863	-2202903	266241	-1209888	-2272956	-10534932	-2714274	-944559	1756089	1894986	-630990	-1375911	740538	1041381	1849311	-2173437	-1813608	2347254	1652715	-248418	-1376910	-1569582	1584225	-848205	573444	-1192194	1472526	2500956	-949563	1056951	2092986	-660609	-1550052	2330244	1537164	936648	-1099179	1605555	1624023	-1844928	2293092	-114462	-1617390	-1096353	-80955	-2269467	573498	-1585845	615906	556083	469989	1596789	-556965	-1509246	1979244	-63990	-199206	458082	-807525	1255680	-636012	559746	574650	522351	-1430739	2593341	-1143297	1454769	-626742	-2716974	2306295	3297744	-687177	938997	123489	571536	845325	-8097003	-8426511	-1945161	601965	78192	1279692	1204119	-2268324	-7481484	-1381860	-1527093	1202283	-149931	-185409	13745457	-524718	1267245	739692	523260
-3142416	-4613660	-4308529	-4475542	-4117025	-4488521	-2496402	-3888214	-2901701	-924579	-2879143	-2124292	-1607943	-3750319	-3377895	-2964721	-3494162	-2799990	-1656686	-3779829	-1878160	-2057262	-3904454	-3340986	-2237424	-1872438	-3124101	-2784711	-3024784	-3813810	-3940696	-2780823	-2095902	-3489570	-4599534	-3025758	-4155246	-2812293	-3507098	-2981117	-2591755	-2239506	-3522160	-3868470	-4302674	-2187829	-2392535	-1834818	-2967795	-4245885	-1262048	-3461744	-1811406	-3284851	-2611517	-2819199	-2702089	-2526930	-3160762	-2693761	-2724299	-4052532	-3741407	-2585008	-3224869	-5220277	-3701258	-4733916	-3080350	-8053774	-25191243	-2000706	-7309446	-1931772	83565	-1291344	-1248609	-6401763	-1901619	-548217	1270764	1310697	501831	-259776	1468575	589455	1177155	-979911	-532431	1941174	1638018	178326	-378513	-603657	1431423	417888	826227	-641574	985590	1738125	-290349	1335312	1502037	252477	-534042	1737774	1074069	1017504	-123957	1036476	1682523	-512289	1744758	450072	-405468	-86733	78237	-1138428	507825	-633528	1002987	799119	478116	1145259	-294048	-681507	1575693	-77967	113193	633258	248472	1340604	235395	446841	872721	1283490	-358218	2099673	-92061	1143198	411327	-1474632	1756521	2675439	381321	780039	651888	477387	640989	-7084179	-7223391	-1472553	484677	214191	1222614	889704	-448605	-2071089	-1081026	-1221480	954747	-130410	-32076	11602521	-330723	1041093	631395	585873
-23734842	-21261371	-24770866	-15620948	-32440976	-26559785	-7561416	-17375459	-14341405	-1933385	-19488290	-15749031	-11554321	-24882138	-26794922	-5909422	-18673936	-10574771	-6346665	-21156639	-4584506	-3904454	-16050556	-25971621	-14794925	-9176620	-22307877	-21542328	-26177799	-29793578	-21832608	-14002063	-14350491	-27003904	-31252734	-26079989	-11799836	-9460152	-13784521	-5563512	-10428463	-15054591	-23434831	-19236303	-31790156	-11903792	-21256742	-6023652	-11880424	-22427664	-19182244	-15169278	-4767668	-7661860	-14928337	-19919106	-4667468	-26712667	-25979824	-11739454	-14811551	-30077170	-20967055	-14951657	-20658038	-28692035	-30804447	-30207501	-15828897	-36102428	-124840488	-18723192	-36984615	-8144436	616071	34482	-15712302	-66571263	-13452264	-7495803	5556870	8354394	-15870834	-17222994	-9760077	4574664	8877960	-18640701	-16902567	5748444	-1189683	-6300270	-14621409	-14644134	3848607	-16123158	-5596290	-8698248	6243516	10032993	-9414369	-3855375	7783209	-13385637	-15772185	8511273	3414141	-2705418	-14399685	6785451	1624203	-17201241	9673470	-11478087	-15104097	-15106797	-4774824	-18843282	-2867211	-13585680	-5003532	-3569526	3174867	5476878	-6104979	-13333536	7469748	-857250	-4805154	-5014620	-14961519	-2629215	-13940145	3561507	-7459317	-10868400	-16715799	9134820	-15066918	4069584	-14708385	-17795268	8226576	8689293	-14286501	4336614	-4881231	-1320102	2192418	-26555436	-28920645	-9390222	943812	-2209572	2372355	2841993	-25259391	-75614958	-2316762	-3187836	3461130	1648512	1583388	48515355	1202931	4629150	3379077	3244374
-47397109	-36164684	-45420019	-22910155	-64578824	-49107548	-10276564	-29017083	-25204994	-2118259	-37832661	-31265851	-23182037	-48210062	-53204231	-4868470	-33312028	-16078039	-9873239	-38513212	-4773796	-3340986	-25971621	-52008862	-28680041	-16483641	-43647790	-43198109	-53461437	-60164346	-39535425	-24802473	-28526956	-53785495	-60045462	-53159199	-14405134	-14051855	-22267506	-4054046	-17021341	-28609822	-45406999	-33932065	-62432479	-21511863	-43764203	-8670267	-19259748	-39784267	-42601057	-25567549	-6230493	-7988162	-27835498	-38384745	-2370490	-56659198	-52177698	-19637316	-27066976	-59180637	-38207862	-27326557	-39472034	-51959666	-62099396	-57492330	-28450919	-60954691	-219659913	-38270406	-66299367	-13492188	840918	4581561	-33722355	-139724811	-25982334	-16485786	8694702	15512427	-40153572	-40971249	-28794024	8662302	17147097	-41917752	-38784384	6921963	-9036594	-15918048	-34091208	-33436485	4454892	-40110048	-16918110	-18849204	11543832	17949573	-21731499	-14139846	13335732	-33338142	-36487620	14370714	3850515	-10459395	-34478352	12492045	-1650789	-39502521	17548695	-29985669	-34694379	-36316611	-12236310	-42014097	-9469494	-30610125	-15649542	-11488608	6589656	9010134	-14094126	-30071835	12701574	-2020770	-12110076	-14885586	-37096668	-11409309	-34818786	7375311	-21685311	-30879720	-39426237	14987268	-36152946	5722767	-37058553	-37724202	13695516	11380743	-35776080	8048592	-13687614	-5368707	2893770	-41186808	-46331541	-17937099	381051	-6299721	1508814	3256659	-59532678	-175634163	-1370277	-3126924	4860081	4807836	4652559	79398144	4840965	7715169	6208893	6421113
-26183013	-20399378	-25324925	-13246770	-35598409	-27346084	-6056004	-16413581	-14183380	-1353476	-20979583	-17288440	-12850499	-26758585	-29315980	-3243143	-18657657	-9205095	-5646076	-21500740	-2946575	-2237424	-14794925	-28680041	-15919210	-9266885	-24146251	-23847297	-29398095	-33191790	-22084350	-13936246	-15821821	-29664963	-33262460	-29256552	-8584556	-8155778	-12729153	-2810018	-9697158	-15843400	-25182877	-19063538	-34490174	-12031001	-24079198	-5050673	-10989384	-22273356	-23212074	-14485942	-3747904	-4967796	-15547128	-21219287	-1825522	-31039981	-28728589	-11123434	-15154447	-32686292	-21326592	-15239274	-21918762	-29042524	-34173457	-31921327	-15970658	-34489525	-123503073	-21000807	-37261728	-7673871	456213	2203977	-18408099	-76538340	-14377176	-9010476	4903731	8602605	-21535461	-22132062	-15234570	4760487	9459936	-22778775	-20986524	4099266	-4567905	-8543781	-18440433	-18138258	2679660	-21526020	-8974260	-10291005	6383277	9983025	-11762028	-7372197	7454637	-17921115	-19768923	8061129	2245779	-5458626	-18603981	6901380	-557622	-21359619	9786753	-16107066	-18751185	-19600020	-6603444	-22861044	-5035626	-16614018	-8240256	-6051978	3660021	5047857	-7674102	-16346250	7154928	-1106811	-6513408	-7911603	-19938951	-5913918	-18727461	4068585	-11559006	-16398945	-21313026	8474823	-19498662	3292335	-19884591	-20610621	7702983	6628365	-19194795	4496724	-7231608	-2823201	1672524	-23611482	-26404893	-9963405	287604	-3370329	1041444	1889649	-32171958	-95070267	-918540	-1907145	2762181	2575638	2515536	45106146	2567781	4357314	3477573	3604581
