1431758	1590723	4525793	919737	2740814	2975988	-310166	4365508	820967	283268	4499988	4690876	1348258	2833792	2574529	2831014	4911732	1056500	3885439	1358725	1243760	1488349	4596176	1413886	1610042	3425524	1261165	2816716	1351901	3820779	681934	989883	4595465	3893219	4739564	859173	4378558	-88253	2109678	2219823	3883879	3247268	2087503	799316	533336	888542	3961714	1167673	3046218	2837265	1303926	4640305	67781	3886122	3856596	4526776	1774250	4225598	2542203	1872905	516898	578386	2620478	3453517	2620622	3738280	5015632	180293	3080465	4385229	339240	3221027	3416386	2670766	2408611	4458549	4673432	4067344	2907320	3705653	2272027	4477394	204085	1069099	4239	-1253793	3239316	10537535	44913600	62034229	241615529	738698925	2274925102	5976328709	5979383410	5979385169	5978130859	5979853270	5977049888	3703203536	2597377824	814520392	1141189468	2607236184	3751364372	7500863832	-31846952	-14336296	1847368	120296	27184	-25171792	-91048	86032	1097280	490384	2368832	-1695512	1177504	1746872	-53064	-1171176	2387856	5214596760	1721752	-1855936	-21970352	-20045640	-41759776	-37796496	-14287520	1570364168	451685248	-55712184	63602056	-28784192	-42744352	-60534032	-85038832	-85135520	-7213472
1590723	1802226	5147750	1003783	3079720	3354327	-413319	4902222	926114	271104	5092268	5299535	1503956	3188092	2876127	3185221	5579622	1153916	4373567	1495268	1375479	1662702	5219897	1585498	1784084	3895427	1411184	3180784	1515591	4334020	739382	1071379	5220180	4387656	5366813	903907	4964811	-148405	2406209	2481145	4398635	3691128	2331204	875222	592304	991902	4483322	1322526	3445622	3217369	1464307	5249732	38567	4360780	4366445	5139554	1993794	4793280	2833126	2105822	551149	660132	2938655	3888389	2938908	4222044	5707315	210371	3466677	4982366	334471	3636011	3864327	3012902	2719429	5048256	5313692	4601713	3272882	4182340	2535610	5055221	197939	1232354	4502	-1396595	3723356	12106107	51594206	71226666	277523087	848436541	2612882671	6864167292	6867640573	6867642329	6866217445	6868147368	6864954920	4253332446	2983277664	935426876	1310628356	2994466932	4308371056	8614621408	-36033280	-16178848	2086656	78008	21440	-28353768	-113224	76128	1263576	555520	2686368	-1938992	1306496	1992240	-79408	-1363120	2704040	5989047016	1940760	-2111312	-24663008	-22481600	-46898472	-42354672	-15351248	1805726976	520971256	-61811800	75189984	-30889216	-47920112	-68149440	-95423872	-95523040	-8133760
4525793	5147750	14836070	2838610	8877947	9639722	-1203232	14115569	2641044	758334	14660212	15260096	4323466	9203784	8213785	9197763	16044668	3294389	12588484	4232955	3929387	4755283	15039679	4517736	5128313	11228796	4055300	9123548	4345905	12457740	2061531	3074045	15005438	12653742	15445197	2581953	14314999	-459307	6903552	7128246	12633095	10602252	6690118	2518798	1624489	2805498	12896434	3745495	9867950	9232913	4176897	15106073	70450	12586424	12580032	14815316	5650498	13821689	8173240	6047260	1552226	1881771	8456818	11171810	8459010	12122579	16405100	591759	9960479	14340049	974155	10490781	11095217	8656626	7787629	14526413	15270456	13271030	9443038	12049653	7301303	14548997	549084	3497381	11482	-4022787	10775190	35041538	149310308	206137106	803084514	2455182373	7561049573	19863226212	19873294739	19873298513	19869123067	19874732806	19865474618	12308067996	8632838144	2706865236	3792475468	8665201296	12467115284	24928146640	-103818968	-46573656	6026440	257312	70856	-81350048	-287256	218144	3665928	1648712	7761912	-5594936	3800456	5752264	-184448	-3911312	7809768	17330731432	5631208	-6050968	-70896984	-64640976	-134855904	-121736512	-43647256	5226878744	1509081784	-177237240	219124088	-87838336	-137802064	-196136720	-274428096	-274694912	-23495648
919737	1003783	2838610	602976	1738451	1882990	-161731	2771727	519938	206936	2837549	2961503	862171	1794329	1645100	1792368	3085685	689228	2462021	880771	801680	951489	2885920	899835	1035211	2147330	803437	1780152	858745	2403382	449874	649321	2886662	2462672	2985233	578226	2753643	-28924	1319037	1415903	2446965	2039375	1333135	518446	345542	569161	2497618	737802	1922199	1785990	830295	2925944	63416	2467377	2428862	2843315	1130121	2656788	1627007	1187408	344984	360455	1665328	2187180	1665295	2361801	3144509	110532	1952310	2753210	239041	2032921	2156127	1689559	1522802	2808839	2933036	2563084	1841056	2342459	1452107	2829184	146224	662400	2893	-801366	2009911	6541782	27885319	38532357	150028056	458707629	1412651858	3711090078	3713004556	3713005837	3712220868	3713315431	3711562106	2299567498	1612861216	505838704	708687396	1619051020	2329618664	4658066216	-20077976	-9065072	1165424	105768	21768	-15943280	-53848	65464	677736	306760	1488656	-1058192	754800	1092368	-25200	-719056	1503568	3238194968	1085800	-1165192	-13961336	-12747984	-26522064	-24057008	-9458928	973987920	279271224	-35801984	38308624	-19076816	-27193568	-38349280	-54052640	-54120448	-4560544
2740814	3079720	8877947	1738451	5362332	5800337	-644974	8523145	1584490	514446	8801866	9173912	2622496	5556485	4961495	5553102	9599895	2024591	7585842	2575141	2391497	2875998	9009161	2717991	3125563	6721985	2453898	5476259	2622937	7461174	1261053	1903399	8977095	7625809	9267203	1631829	8587186	-221894	4115025	4314283	7571771	6338021	4050563	1549077	968348	1688216	7739965	2231012	5912190	5527549	2513668	9069913	79604	7611141	7552917	8878322	3386465	8289947	4968822	3643247	968036	1118331	5112005	6725572	5113598	7279551	9801953	345306	5998329	8582018	652004	6315362	6656100	5204597	4672547	8714816	9127323	7975011	5697440	7251819	4428948	8748135	367308	2058041	6943	-2440324	6411645	20861050	88883583	122756014	478093425	1461683446	4501421889	11825429908	11831471127	11831473367	11828953411	11832359873	11826808706	7327528306	5139441932	1611625444	2257897480	5158870368	7422498288	14841363832	-62361568	-28021760	3626624	236976	57712	-48940736	-149584	156560	2180080	1003072	4659712	-3337360	2324552	3438472	-74040	-2296496	4692608	10317973248	3400424	-3611120	-42800264	-39053656	-81395112	-73584368	-27111752	3109590864	896080992	-107819248	128173208	-54614864	-83284096	-118200960	-165750256	-165920928	-14162528
2975988	3354327	9639722	1882990	5800337	6293112	-729270	9224805	1726260	537360	9547833	9946863	2834767	6010003	5386712	6005626	10434128	2182819	8219159	2797368	2589820	3118350	9780535	2959071	3373654	7298219	2656055	5950213	2844986	8106784	1374814	2044771	9759870	8255508	10058857	1740742	9313747	-255830	4484511	4669263	8227851	6894005	4384960	1665703	1073599	1843296	8400577	2443512	6432538	6011590	2733249	9841735	81303	8225868	8193080	9633745	3697295	8993078	5358176	3952522	1043441	1223984	5532138	7294809	5533334	7905404	10662060	382092	6504869	9324370	677173	6840215	7229736	5647089	5081163	9458915	9927627	8642926	6163149	7857390	4784307	9485765	388668	2265088	7869	-2637723	6965907	22657651	96550699	133323180	519338161	1587749967	4889679049	12845410200	12851949117	12851951935	12849240566	12852906370	12846897296	7959557670	5582771076	1750594080	2452662920	5603812740	8062661144	16121366824	-67620624	-30375672	3925416	212560	53160	-53133712	-181712	158464	2368400	1069632	5048432	-3627448	2492480	3731264	-106968	-2517808	5082296	11207861208	3671504	-3934736	-46363784	-42289896	-88170632	-79677064	-29174208	3378331504	973969048	-116567024	139794448	-58742512	-90164080	-128072688	-179486032	-179669600	-15321952
-310166	-413319	-1203232	-161731	-644974	-729270	216226	-1026253	-204113	35395	-1143099	-1171752	-294179	-672990	-586488	-672373	-1299904	-181794	-936916	-269965	-253032	-333943	-1205829	-338072	-326088	-908336	-286006	-709371	-315942	-997199	-115757	-148687	-1216630	-944817	-1213192	-72695	-1129981	123026	-582368	-500262	-1001753	-865275	-466915	-139052	-127582	-205892	-1008419	-312258	-783226	-741045	-311769	-1176322	56281	-901533	-981733	-1183546	-439511	-1091898	-543046	-450300	-61084	-162758	-605945	-840611	-605816	-938848	-1350519	-60230	-746089	-1160801	26857	-794767	-870201	-661981	-607339	-1142865	-1249984	-1026320	-695102	-912979	-498572	-1113793	17658	-331214	-735	275136	-936340	-3030535	-12916006	-17765868	-69430831	-212172427	-653435629	-1716624219	-1717423530	-1717423727	-1717110274	-1717493655	-1716751340	-1063674176	-746150492	-233754092	-327619408	-748694844	-1076951032	-2153400192	8053976	3534704	-459704	103536	16400	6151760	53144	22344	-321368	-114400	-609600	470776	-234928	-475032	65544	382736	-606384	-1497362160	-415320	501856	5146744	4647416	9821552	8691896	1922344	-455324032	-134247104	11533320	-22677528	3787648	9866480	14590016	19815328	19819200	1752640
4365508	4902222	14115569	2771727	8523145	9224805	-1026253	13553348	2521561	820135	13997860	14588666	4170494	8831059	7900090	8825178	15269222	3222764	12063838	4105263	3806417	4577043	14323866	4328008	4970308	10685790	3902613	8714210	4171630	11867587	2015335	3027896	14279440	12123284	14737710	2596259	13652193	-350134	6545564	6862448	12044946	10082822	6443692	2461509	1551649	2691259	12308969	3556748	9409046	8794047	4002513	14423886	130976	12098095	12008885	14115426	5398867	13178784	7899184	5795481	1541774	1778751	8127422	10698773	8129669	11581074	15590198	548679	9541563	13648041	1032317	10037799	10588939	8278612	7436111	13859454	14519896	12677987	9055816	11530561	7043675	13912117	584657	3278807	11342	-3881935	10189147	33150452	141251240	195080026	759780719	2322886422	7153603217	18792821450	18802419657	18802423480	18798427509	18803837295	18795020180	11644818940	8167542076	2561175592	3588237220	8198413164	11795764412	23585747200	-99156256	-44560952	5765648	371944	89880	-77854768	-244216	249608	3461928	1586808	7405928	-5305552	3691112	5465800	-125208	-3654848	7459952	16397196064	5400832	-5747432	-68066088	-62102784	-129434944	-117018744	-43156440	4941573496	1423897728	-171499104	203547656	-86934720	-132439536	-187957744	-263572688	-263848288	-22512544
820967	926114	2641044	519938	1584490	1726260	-204113	2521561	478994	145292	2614379	2723123	775279	1641092	1482690	1639630	2864256	597483	2248893	773287	711645	857857	2680050	818270	921621	2000230	727970	1635571	782207	2225808	384555	556923	2681171	2255512	2757252	471874	2548527	-69477	1237123	1277955	2259587	1895633	1200821	453577	307333	513614	2303016	681788	1770909	1653372	754446	2697640	25199	2242427	2244290	2637794	1026184	2462588	1458462	1084679	288925	341367	1513688	1999947	1513738	2170604	2930019	108644	1782986	2557221	178917	1870089	1984860	1548458	1399693	2592055	2728100	2363733	1682313	2149592	1304903	2597300	107838	634909	2335	-718751	1904697	6192231	26393754	36438215	141973925	434043584	1336700699	3511582879	3513363718	3513364682	3512633330	3513625160	3511987790	2175931416	1526189944	478561836	670519356	1531933820	2204136720	4407184632	-18508928	-8318000	1069768	43272	11304	-14606208	-58032	39888	647296	283744	1377976	-994832	670928	1019664	-39768	-697800	1386856	3063926776	997320	-1084424	-12704688	-11584184	-24157472	-21830080	-8012776	923470504	266201288	-31948016	38147280	-16124336	-24687840	-35069552	-49156416	-49207584	-4178848
283268	271104	758334	206936	514446	537360	35395	820135	145292	121412	789890	836303	268176	528459	492699	527976	825022	241278	713728	282669	256947	289183	779980	258296	336442	575155	243265	496298	252553	650472	154041	239982	771303	713182	823969	244424	756623	48414	336319	429908	668271	541585	406256	180430	94357	165785	691970	191339	524029	481788	240705	814471	56693	738657	674944	771942	314435	729316	516739	343353	134656	87876	497801	627873	497952	660469	825672	20304	562276	736266	133910	579410	595913	477685	422762	773450	775937	717957	539177	670169	451467	800281	79633	143633	1001	-247439	497165	1628150	6937817	9630814	37351602	114263653	351874220	924371180	924895571	924895998	924668639	925009948	924535328	572793986	401681068	126115340	176608372	403390128	580588476	1160869288	-5615144	-2589560	330976	111592	20840	-4554024	5248	43984	164136	95064	410912	-272224	250720	286416	27224	-148480	420824	806841312	316784	-304112	-4135384	-3803352	-7832520	-7217816	-3595328	240186576	66994360	-11452328	7034320	-7301248	-8144496	-11131888	-16078112	-16110944	-1322624
4499988	5092268	14660212	2837549	8801866	9547833	-1143099	13997860	2614379	789890	14509216	15108566	4294869	9121594	8156904	9115304	15859681	3292662	12474747	4219656	3911892	4722261	14867420	4479504	5103782	11096056	4025242	9032788	4309168	12318836	2063767	3078557	14832392	12536253	15281276	2607358	14157949	-418634	6814224	7076937	12497437	10477836	6644029	2513109	1614529	2784297	12760974	3703900	9764897	9130881	4142363	14949630	97315	12484136	12446658	14647606	5601253	13667635	8124604	5993683	1560931	1854907	8388618	11069989	8390670	12001452	16207281	579453	9870376	14174299	1001268	10386519	10980859	8573273	7710010	14371981	15090147	13133058	9357841	11933672	7254219	14406572	567018	3440192	11719	-3997359	10620527	34544171	147193069	203241098	791717813	2420466767	7454131910	19582334873	19592287807	19592291777	19588162809	19593730875	19584583852	12134025284	8510728404	2668656340	3738903352	8542728824	12291013360	24576014568	-102743808	-46125872	5967480	301624	78144	-80587536	-276312	232440	3609304	1631856	7676704	-5521488	3782248	5681312	-166736	-3840688	7728520	17085805264	5577904	-5979024	-70306488	-64116096	-133712552	-120775896	-43793896	5151464840	1486157848	-176301000	214478392	-88166416	-136704784	-194355360	-272169344	-272444896	-23275840
4690876	5299535	15260096	2961503	9173912	9946863	-1171752	14588666	2723123	836303	15108566	15738528	4478732	9508252	8501343	9501689	16508242	3439148	12997437	4399879	4081223	4922564	15478987	4665853	5326307	11552141	4196872	9405783	4491327	12823926	2153751	3220329	15439935	13063052	15913005	2733504	14742308	-424060	7090462	7377084	13010424	10905344	6925922	2625115	1677441	2900126	13287794	3852103	10164579	9505174	4314716	15569426	108933	13013861	12964101	15250816	5829034	14233132	8475757	6245183	1634308	1929541	8744931	11532761	8747064	12498164	16866955	600281	10282934	14754127	1059616	10821754	11432401	8928568	8028385	14964327	15705997	13678463	9751473	12432476	7564795	15005301	600090	3573583	12295	-4167637	11048613	35938402	153133805	211452795	823674446	2518178858	7755044136	20372844404	20383210331	20383214524	20378908577	20384717309	20375191178	12623858552	8854280940	2776411368	3889854188	8887610296	12787247124	25568237504	-107006768	-48052776	6215600	332776	84744	-83955952	-282352	246864	3754976	1702864	7994864	-5746720	3948008	5911968	-164328	-3988144	8049304	17775589880	5814768	-6221792	-73278600	-66833032	-139360448	-125902704	-45816272	5358926880	1545624240	-183935600	222621016	-92249200	-142503920	-202522896	-283691408	-283981888	-24255808
1348258	1503956	4323466	862171	2622496	2834767	-294179	4170494	775279	268176	4294869	4478732	1287594	2716306	2434274	2714525	4677704	1001900	3709102	1271035	1177408	1411909	4389117	1331695	1537590	3272857	1202706	2675142	1284373	3638016	628106	943983	4374426	3725900	4520180	817944	4186053	-91973	2002092	2115210	3693871	3088539	1986714	764980	478715	829979	3776902	1090241	2885886	2695549	1231972	4425960	51364	3723751	3684342	4325785	1659689	4041362	2438960	1781933	484104	543917	2502680	3287893	2503404	3555463	4772246	166962	2933044	4180423	333363	3083022	3249085	2542934	2282967	4250777	4446305	3890779	2785155	3542403	2172826	4272001	190214	998267	3518	-1196631	3108840	10116707	43106403	59543356	231873978	708925824	2183218940	5735408379	5738348465	5738349667	5737123932	5738791037	5736091348	3553903340	2492652900	781680864	1095129364	2502117764	3600059656	7198349136	-30430448	-13690592	1769624	132864	30736	-23931864	-70896	82800	1055616	487728	2270520	-1622160	1141296	1671888	-31520	-1109280	2288256	5004357088	1658896	-1759304	-20954736	-19126200	-39841784	-36050824	-13510592	1507465752	433864712	-53034816	61436824	-27227424	-40792816	-57794848	-81157040	-81244512	-6917920
2833792	3188092	9203784	1794329	5556485	6010003	-672990	8831059	1641092	528459	9121594	9508252	2716306	5761614	5134821	5758266	9948899	2093360	7860227	2659398	2474612	2977395	9339770	2812556	3237284	6969795	2542625	5672968	2716835	7731918	1299626	1970005	9304304	7904596	9604917	1684933	8901974	-235856	4265550	4468202	7844849	6568152	4194087	1603702	996008	1745670	8020398	2307962	6122514	5727033	2601349	9399760	76878	7888145	7830461	9204047	3500424	8595738	5148265	3774875	998446	1158903	5296722	6967867	5298466	7541832	10158489	356914	6213566	8895125	674533	6547548	6894579	5391440	4839864	9030584	9459837	8267184	5905112	7516263	4587801	9064768	378067	2132114	7090	-2527986	6653058	21645651	92226266	127370442	496066838	1516632324	4670642281	12269983693	12276252072	12276254332	12273635029	12277169089	12271408410	7602989490	5332651264	1672205968	2342769088	5352803380	7701507448	15399250296	-64639616	-29041792	3758760	243432	59432	-50706696	-152608	159808	2263696	1043000	4831448	-3462440	2409600	3564424	-74488	-2382232	4864904	10705845088	3528040	-3741688	-44345464	-40463320	-84338080	-76235976	-28017856	3226718064	929998920	-111636168	133219672	-56437024	-86288304	-122495760	-171738672	-171913568	-14684032
2574529	2876127	8213785	1645100	4961495	5386712	-586488	7900090	1482690	492699	8156904	8501343	2434274	5134821	4644762	5130011	8907314	1896360	7034197	2436149	2239413	2684872	8339371	2549522	2904050	6217744	2279942	5097618	2441602	6924933	1213561	1776568	8333804	7054463	8592513	1530357	7942674	-183190	3826584	4009554	7035747	5887104	3769326	1437093	949083	1596923	7177847	2106376	5512234	5141385	2353095	8410140	102528	7036455	6993834	8213446	3195050	7667049	4596179	3388444	918938	1046271	4739849	6249661	4740192	6767737	9097905	325074	5573269	7955554	599743	5838974	6186322	4834557	4357130	8080635	8475721	7375284	5265637	6714844	4106582	8111047	355140	1937291	7511	-2266232	5901905	19198049	81822387	113002144	440149136	1345666913	4144162099	10886895128	10892451245	10892454287	10890165131	10893290269	10888189644	6745999164	4731568264	1483742736	2078803484	4749473044	6833586212	13663791536	-57735248	-25971744	3350120	203440	47360	-45537288	-162904	147744	2000760	896616	4300296	-3083672	2131184	3174016	-95584	-2134672	4333480	9499162488	3126960	-3364496	-39737472	-36249872	-75541424	-68330304	-25511016	2861690616	823866592	-100423056	116896872	-51385040	-77295920	-109598160	-153810864	-153981728	-13080608
2831014	3185221	9197763	1792368	5553102	6005626	-672373	8825178	1639630	527976	9115304	9501689	2714525	5758266	5130011	5755034	9941625	2091526	7854867	2656387	2472414	2974916	9333467	2809843	3235103	6965271	2540816	5668478	2714832	7726299	1297589	1968597	9297317	7899652	9598067	1683691	8896315	-235964	4262127	4465164	7838887	6563178	4190983	1602853	993899	1743766	8014759	2305377	6117333	5722434	2598878	9393111	76292	7883465	7825232	9198087	3496463	8590338	5145213	3771983	997339	1157868	5293160	6962643	5294950	7536169	10150880	356580	6208967	8888781	674572	6543564	6889296	5387448	4835838	9024244	9452608	8262025	5901712	7511384	4584800	9058509	377622	2129653	7026	-2526418	6649052	21632693	92170518	127293756	495766149	1515713638	4667812279	12262549282	12268814404	12268816614	12266197801	12269730487	12263972624	7598382310	5329419148	1671193220	2341347956	5349560480	7696839712	15389917832	-64597464	-29022288	3756408	244000	59568	-50667904	-151704	159760	2262568	1043224	4828560	-3460224	2408760	3562152	-73544	-2380176	4861904	10699359192	3526320	-3738488	-44314768	-40435976	-84280672	-76183744	-27995944	3224773952	929444904	-111557472	133148864	-56393200	-86229760	-122413264	-171622688	-171796672	-14675360
4911732	5579622	16044668	3085685	9599895	10434128	-1299904	15269222	2864256	825022	15859681	16508242	4677704	9948899	8907314	9941625	17365486	3571345	13619514	4602412	4261703	5152429	16267254	4903019	5549372	12143736	4389304	9881363	4706975	13483118	2250570	3329648	16242748	13681948	16712171	2798545	15479595	-488076	7477295	7715696	13676923	11477685	7243713	2724219	1782904	3051008	13954654	4072174	10692756	9998841	4529512	16344935	89322	13605964	13607251	16021876	6140731	14945981	8833946	6547913	1688447	2042023	9148974	12093591	9150741	13125179	17758250	643460	10782083	15516983	1049138	11342866	12012287	9370422	8438559	15718354	16530741	14349367	10207316	13032143	7897260	15741200	600220	3801019	12932	-4353713	11640216	37851789	161297522	222683438	867576753	2652339329	8168232881	21458327176	21469199484	21469204035	21464709705	21470760797	21460765104	13296470442	9326104176	2924243912	4097076056	9361068228	13468350100	26930110648	-112286528	-50383408	6513864	266032	72920	-88096904	-323536	236072	3957896	1766912	8388696	-6049464	4097744	6217712	-214248	-4237128	8441048	18722490960	6080392	-6556104	-76726192	-69951024	-145932032	-131748440	-47370288	5646177432	1629838512	-191932944	236285008	-95325648	-149114160	-212202304	-296951424	-297244864	-25393920
1056500	1153916	3294389	689228	2024591	2182819	-181794	3222764	597483	241278	3292662	3439148	1001900	2093360	1896360	2091526	3571345	799126	2859060	1007888	926586	1099136	3350744	1032994	1205343	2494489	933487	2056787	994571	2782217	507507	757714	3340306	2867024	3463280	675778	3200203	-35523	1522624	1642932	2830739	2356715	1545674	606300	379289	647551	2895192	837865	2216304	2063788	954633	3394241	68039	2878020	2821870	3302561	1286762	3087816	1899274	1376364	396449	413578	1937087	2535286	1937456	2732589	3637526	124205	2262450	3191015	289011	2367543	2493665	1956894	1756399	3256575	3391895	2981499	2145029	2722305	1690014	3282932	169645	751964	3061	-932364	2340387	7620309	32474276	44880627	174706076	534172239	1645041899	4321586420	4323825195	4323826408	4322894619	4324182866	4322130990	2677851222	1878171160	589057600	825241504	1885393088	2712824244	5424298032	-23322080	-10524112	1358320	141016	29960	-18446640	-49696	78088	792032	370896	1734880	-1228552	890864	1270408	-13032	-824648	1751576	3770898712	1274640	-1342360	-16203112	-14802048	-30789920	-27927160	-10942080	1134369112	325343680	-41530040	44752560	-22076992	-31583920	-44542080	-62772384	-62848960	-5318176
3885439	4373567	12588484	2462021	7585842	8219159	-936916	12063838	2248893	713728	12474747	12997437	3709102	7860227	7034197	7854867	13619514	2859060	10744310	3651958	3384798	4073789	12771877	3858230	4416320	9528599	3472339	7767759	3714378	10582577	1792198	2682250	12736816	10794721	13136825	2290743	12168468	-326740	5843632	6106091	10740257	8995450	5733541	2183351	1388821	2399989	10971665	3177475	8391702	7843780	3566536	12854779	107634	10764342	10702223	12583484	4816658	11747484	7019776	5162435	1364952	1589852	7232843	9530089	7234710	10322296	13910291	492946	8499081	12172725	900172	8940479	9439895	7376674	6629364	12354252	12954370	11295520	8061205	10270578	6263286	12395105	510886	2937199	10100	-3452656	9095250	29588466	126076468	174108242	678152824	2073303386	6384991878	16773651302	16782203486	16782206954	16778652182	16783459610	16775602708	10393655490	7290010048	2285959960	3202687328	7317516584	10528306476	21051453560	-88357384	-39695752	5134968	305192	74944	-69369432	-226008	214592	3091208	1408224	6599368	-4734384	3274688	4874624	-124288	-3273784	6645736	14635351872	4805840	-5130128	-60597792	-55280704	-115238264	-104153888	-38220928	4411210784	1271533792	-152463936	182283792	-76976208	-117877920	-167384528	-234626272	-234867584	-20043232
1358725	1495268	4232955	880771	2575141	2797368	-269965	4105263	773287	282669	4219656	4399879	1271035	2659398	2436149	2656387	4602412	1007888	3651958	1300888	1182525	1405541	4302427	1338055	1522666	3203695	1188598	2648527	1274716	3581976	659239	946322	4306234	3652496	4445239	831910	4099571	-62399	1975808	2094165	3646529	3042472	1971189	760189	516334	844874	3716274	1103620	2866080	2663545	1230338	4352435	83318	3651845	3613448	4235747	1681083	3954808	2392971	1763871	499417	543814	2465352	3248307	2465254	3513408	4698731	168740	2898143	4108312	332382	3020477	3208935	2510531	2266310	4182173	4378695	3811227	2727781	3475523	2140792	4203312	204827	1002809	4188	-1186333	3009372	9790497	41737715	57659427	224551149	686537710	2114291247	5554333109	5557182620	5557184504	5556021258	5557634124	5555021668	3441727728	2413966936	757041504	1060662408	2423176360	3486608224	6971468216	-29846864	-13451088	1731928	127304	26960	-23679496	-87448	88432	1018560	452520	2215824	-1580192	1107336	1631288	-49912	-1088056	2234840	4846478544	1612952	-1740656	-20671800	-18867472	-39282320	-35589232	-13733488	1458580000	418859440	-52722648	58193256	-27678816	-40232384	-56870704	-80011280	-80104640	-6760704
1243760	1375479	3929387	801680	2391497	2589820	-253032	3806417	711645	256947	3911892	4081223	1177408	2474612	2239413	2472414	4261703	926586	3384798	1182525	1088416	1295304	3993646	1226959	1410397	2976026	1100808	2445162	1177487	3315617	591537	874374	3987243	3393702	4120154	764635	3807171	-67391	1826825	1936300	3371681	2814299	1821055	704144	454676	769338	3442916	1005528	2640950	2461796	1130742	4034364	64987	3394649	3355076	3933168	1531376	3675363	2224867	1631202	454429	499807	2286472	3004688	2286701	3247564	4348880	153541	2680528	3807561	313065	2808305	2965787	2322837	2090020	3874654	4052098	3540066	2535572	3226402	1985085	3895400	185568	917020	3568	-1097546	2807909	9136819	38941750	53797167	209491614	640499675	1972499436	5181842279	5184504590	5184506070	5183404586	5184915802	5182472694	3210903350	2252070016	706262900	989490040	2260655928	3252713144	6503811552	-27702328	-12477424	1609152	125688	27240	-21893728	-70096	79776	952904	433752	2062072	-1471152	1036416	1515920	-33528	-1005944	2078232	4521427400	1507568	-1606800	-19150680	-17482840	-36402744	-32967048	-12590752	1361210568	391211888	-48716112	54735296	-25377408	-37282992	-52739680	-74154720	-74237792	-6291968
1488349	1662702	4755283	951489	2875998	3118350	-333943	4577043	857857	289183	4722261	4922564	1411909	2977395	2684872	2974916	5152429	1099136	4073789	1405541	1295304	1555154	4827470	1472449	1684584	3599630	1321038	2948443	1413451	4006728	699182	1030856	4820261	4087874	4972870	889377	4599515	-104255	2211687	2322484	4069392	3405162	2182681	834871	542749	921460	4154871	1213742	3185307	2972587	1360974	4868435	57885	4079099	4049987	4755555	1842418	4441024	2667850	1960656	532947	603853	2746917	3616807	2747335	3915494	5260787	187499	3225787	4602159	353426	3383131	3578830	2797793	2519224	4676092	4901240	4272564	3053058	3890409	2380959	4695952	207320	1115009	4171	-1311384	3417498	11117669	47379590	65436272	254865073	779205435	2399663269	6304021169	6307242197	6307243791	6305911390	6307727853	6304770258	3906246040	2739792820	859163788	1203720020	2750172260	3956971252	7911988616	-33437832	-15044432	1940368	125624	29552	-26355672	-89408	86528	1159032	524384	2491208	-1785320	1239696	1837424	-49176	-1231288	2510728	5500471568	1813240	-1943632	-23023080	-21006016	-43769176	-39596848	-14808288	1656990248	476982016	-58216432	67616296	-29830976	-44793440	-63490592	-89130576	-89228864	-7582656
4596176	5219897	15039679	2885920	9009161	9780535	-1205829	14323866	2680050	779980	14867420	15478987	4389117	9339770	8339371	9333467	16267254	3350744	12771877	4302427	3993646	4827470	15250096	4585973	5210066	11385288	4117123	9254225	4411770	12631793	2097666	3129580	15214747	12837556	15664854	2634385	14515629	-454817	6999043	7235677	12811556	10748599	6791715	2561300	1649658	2848219	13079203	3798307	10008520	9363390	4238549	15321402	80882	12773268	12759284	15021550	5732353	14015533	8297845	6137404	1582781	1908840	8583971	11335408	8586100	12296142	16631976	599263	10105957	14539588	1000600	10642858	11252370	8781180	7899887	14731534	15481879	13459222	9580108	12222730	7411706	14757384	565581	3543943	11796	-4084247	10915326	35498318	151258818	208833884	813571114	2487251967	7659810116	20122676357	20132884374	20132888360	20128653709	20134346923	20124960792	12468837928	8745592160	2742243624	3842038336	8778407588	12630026064	25253884640	-105290600	-47243536	6112168	273248	74072	-82544016	-289216	225056	3713928	1671864	7870664	-5670208	3858904	5829800	-182392	-3958624	7919416	17557154184	5714224	-6134752	-71950928	-65606744	-136856744	-123563928	-44453784	5294690344	1528308392	-180037904	221509432	-89469152	-139863712	-199006176	-278515056	-278788736	-23834656
1413886	1585498	4517736	899835	2717991	2959071	-338072	4328008	818270	258296	4479504	4665853	1331695	2812556	2549522	2809843	4903019	1032994	3858230	1338055	1226959	1472449	4585973	1406074	1585737	3420318	1249084	2804297	1341847	3810356	667212	964894	4588050	3866521	4722567	824411	4363357	-108595	2113417	2196784	3871468	3243111	2064809	783021	531156	882676	3945664	1168177	3036499	2830862	1294152	4620210	53376	3849791	3841447	4514025	1764562	4212552	2506166	1861107	500626	582236	2596790	3431311	2596846	3720787	5013407	183700	3059713	4377737	314848	3203626	3402185	2655715	2398681	4441719	4668742	4048076	2884177	3682921	2243320	4452666	190044	1081482	4093	-1239552	3248408	10562756	45023782	62169023	242198314	740457513	2280346925	5990581942	5993627668	5993629385	5992381800	5994083201	5991285636	3712032712	2603593956	816420688	1143886124	2613417436	3760201188	7518539120	-31699856	-14250432	1836000	88032	21288	-25031208	-97832	75112	1102944	484776	2359544	-1697160	1155880	1744744	-65064	-1186264	2375824	5226944480	1710208	-1855496	-21789120	-19871504	-41426352	-37452712	-13881600	1574970008	453678128	-54944528	64644976	-27945456	-42356928	-60116576	-84313360	-84402784	-7162176
1610042	1784084	5128313	1035211	3125563	3373654	-326088	4970308	921621	336442	5103782	5326307	1537590	3237284	2904050	3235103	5549372	1205343	4416320	1522666	1410397	1684584	5210066	1585737	1842060	3883494	1435158	3179544	1530939	4318072	754768	1140458	5189904	4435959	5370964	997419	4971790	-92838	2371450	2524310	4386953	3662314	2371746	920329	568625	988710	4487478	1291590	3427576	3199800	1466177	5260301	73697	4440948	4378795	5134918	1971913	4799837	2915699	2122793	586744	643698	2984647	3913878	2985517	4226746	5658304	195456	3491688	4960602	416475	3668984	3859788	3024471	2713364	5049739	5272758	4625204	3317157	4214309	2595239	5080765	238115	1175696	4238	-1430899	3675284	11962652	50973039	70423293	274198105	838344013	2581772739	6782422592	6785914395	6785915878	6784456369	6786447787	6783243194	4202681642	2947677336	924414040	1295076460	2958920736	4257357596	8512616864	-36168032	-16286352	2104960	181784	40680	-28479648	-78432	105808	1248016	582104	2697504	-1921168	1367680	1981416	-27432	-1303312	2719528	5917996320	1977384	-2085328	-24974160	-22803824	-47478496	-42993672	-16341832	1781945264	512311384	-63464176	71913664	-32947824	-48643456	-68817280	-96744240	-96851072	-8236416
3425524	3895427	11228796	2147330	6721985	7298219	-908336	10685790	2000230	575155	11096056	11552141	3272857	6969795	6217744	6965271	12143736	2494489	9528599	3203695	2976026	3599630	11385288	3420318	3883494	8502190	3071144	6905565	3292053	9429363	1559397	2329216	11358731	9580136	11692393	1956207	10836250	-346362	5227252	5396321	9562155	8024514	5064381	1907858	1227714	2123638	9761728	2834806	7468868	6989035	3161249	11435624	54803	9529109	9524639	11214964	4274302	10463571	6187172	4578934	1176560	1426470	6403973	8457642	6405629	9176053	12418074	448438	7539560	10854295	741207	7943605	8397108	6552009	5895335	10995321	11558076	10046160	7148980	9121572	5526614	11012404	418072	2648432	8722	-3045067	8155444	26521254	113007375	156017492	607823884	1858236946	5722677783	15033745543	15041367753	15041370636	15038207477	15042454713	15035444506	9315525518	6533878048	2048732804	2870398304	6558380776	9435921220	18867237912	-78589584	-35256712	4560888	195448	53888	-61594568	-216664	164584	2775800	1248736	5875536	-4235664	2876416	4352960	-137968	-2959688	5910992	13117009928	4265032	-4580056	-53678120	-48942600	-102104256	-92174104	-33069912	3955970976	1142101888	-134214824	165778528	-66551232	-104334768	-148494096	-207779008	-207981472	-17786368
1261165	1411184	4055300	803437	2453898	2656055	-286006	3902613	727970	243265	4025242	4196872	1202706	2542625	2279942	2540816	4389304	933487	3472339	1188598	1100808	1321038	4117123	1249084	1435158	3071144	1126298	2508750	1203409	3412894	586398	878287	4105985	3488307	4239029	756452	3923914	-92513	1882869	1978135	3464757	2899052	1858103	712295	450998	778474	3540122	1026146	2708200	2530177	1154391	4149302	44521	3482736	3454296	4056802	1557162	3788827	2276398	1669991	449984	513263	2341998	3080604	2342561	3333138	4481214	158059	2747207	3922667	303936	2888274	3046356	2382578	2142187	3985236	4174036	3646040	2605581	3317344	2029593	4002438	174759	944131	3384	-1118504	2920693	9502181	40491478	55924999	217805793	665906401	2050737770	5387379714	5390135449	5390136665	5388990242	5390546355	5388014586	3338250860	2341406060	734234080	1028674808	2350276188	3381575424	6761488680	-28514152	-12822552	1656952	112056	26504	-22432760	-70416	73784	992224	454104	2127648	-1523472	1062448	1568576	-35264	-1047472	2143704	4700661280	1553360	-1652672	-19612720	-17896936	-37292192	-33730232	-12552424	1416261216	407827264	-49536128	57988784	-25288512	-38166112	-54119296	-75945856	-76027392	-6474944
2816716	3180784	9123548	1780152	5476259	5950213	-709371	8714210	1635571	496298	9032788	9405783	2675142	5672968	5097618	5668478	9881363	2056787	7767759	2648527	2445162	2948443	9254225	2804297	3179544	6905565	2508750	5635330	2689264	7676082	1304014	1920811	9243526	7798703	9517125	1627981	8808958	-251550	4252086	4410865	7790546	6531943	4142339	1565368	1029340	1749671	7948292	2325938	6095700	5694097	2589446	9310064	72947	7762761	7747706	9114729	3513382	8504381	5050504	3737380	980975	1162343	5223321	6899526	5224144	7482706	10101120	364499	6151699	8827530	619863	6461617	6845120	5342498	4813718	8950737	9405653	8170582	5819065	7426684	4514481	8970759	359800	2159675	7653	-2489918	6596029	21450520	91413528	126218250	491708091	1503261142	4629494600	12161895009	12168072291	12168075116	12165525683	12168975697	12163299376	7536027246	5285726488	1657419176	2322156804	5305608288	7633600308	15263450168	-63945048	-28717376	3709568	175424	45000	-50268184	-183488	144584	2240488	1000568	4771336	-3434392	2341800	3531792	-117600	-2396816	4804112	10611431056	3461768	-3731344	-43805056	-39944672	-83301552	-75256040	-27427592	3198938864	922554096	-109977424	132749888	-55211344	-85157776	-121032448	-169541456	-169715968	-14468192
1351901	1515591	4345905	858745	2622937	2844986	-315942	4171630	782207	252553	4309168	4491327	1284373	2716835	2441602	2714832	4706975	994571	3714378	1274716	1177487	1413451	4411770	1341847	1530939	3292053	1203409	2689264	1290380	3659447	629598	933593	4403902	3729392	4540823	800322	4201957	-103372	2024212	2115150	3715375	3110336	1986529	759132	490574	838060	3793024	1106851	2906862	2714258	1237503	4443982	47240	3719165	3698585	4345474	1675305	4057386	2424916	1788376	480017	555048	2504091	3298466	2504603	3572194	4809686	173139	2941278	4205752	315995	3090346	3265022	2551883	2298063	4269935	4478081	3901674	2785051	3548213	2165414	4283961	184473	1023079	3586	-1194712	3129791	10179721	43382615	59911132	233360178	713451877	2197166177	5772061823	5775006452	5775007775	5773788324	5775443487	5772736740	3576620374	2508605148	786651936	1102139420	2518093396	3623031184	7244277944	-30522680	-13719368	1771032	104240	25120	-24037976	-81512	75320	1064632	480376	2276408	-1633000	1127608	1680064	-46680	-1130144	2291816	5036297328	1658000	-1775192	-20978128	-19139712	-39891376	-36069912	-13373232	1517537664	437117856	-52923056	62287712	-26931968	-40805376	-57896608	-81215216	-81299136	-6916960
3820779	4334020	12457740	2403382	7461174	8106784	-997199	11867587	2225808	650472	12318836	12823926	3638016	7731918	6924933	7726299	13483118	2782217	10582577	3581976	3315617	4006728	12631793	3810356	4318072	9429363	3412894	7676082	3659447	10471584	1753678	2595124	12611882	10631039	12979755	2186972	12021968	-369576	5804444	5999274	10622524	8911572	5632495	2122333	1386184	2372024	10839096	3162485	8305094	7764771	3520426	12695997	76556	10575773	10569012	12442094	4771468	11607193	6870729	5088447	1318236	1585614	7112294	9397260	7113724	10196095	13786413	499409	8378120	12047944	824760	8812608	9330310	7280206	6555894	12208074	12834050	11146652	7932857	10124653	6140823	12228569	472721	2948092	10047	-3384971	9030078	29364930	125132886	172762034	673061689	2057683151	6336907667	16647352624	16655794161	16655797693	16652307553	16657011783	16649250902	10315394946	7235178460	2268648748	3178532964	7262332616	10448802252	20892488576	-87218944	-39142920	5060008	218048	58608	-68453840	-248720	187304	3070080	1372952	6514560	-4694992	3188472	4826512	-162312	-3283328	6555896	14524945472	4724256	-5089504	-59634584	-54372904	-113420872	-102415664	-36955704	4379904912	1264006888	-149323480	182896336	-74374928	-115909968	-164892496	-230811120	-231040864	-19729664
681934	739382	2061531	449874	1261053	1374814	-115757	2015335	384555	154041	2063767	2153751	628106	1299626	1213561	1297589	2250570	507507	1792198	659239	591537	699182	2097666	667212	754768	1559397	586398	1304014	629598	1753678	344078	475733	2107251	1785832	2174282	425046	1998093	-13804	967216	1033461	1788464	1490219	974772	377628	271855	427036	1819646	552531	1412161	1307554	612769	2130708	56631	1786725	1765507	2063861	843840	1928013	1177048	868826	258674	268120	1212025	1597437	1211598	1726882	2295997	83532	1425614	2005483	170718	1474261	1575731	1233272	1118533	2045653	2142789	1859043	1333042	1701168	1054781	2059066	111616	496465	2465	-583833	1448553	4712363	20096985	27767517	108139285	330628177	1018225393	2674921853	2676298003	2676299285	2675746215	2676528514	2675269258	1657519384	1162548660	364612492	510860560	1167014596	1679239032	3357620072	-14584576	-6593344	843288	67240	12928	-11673576	-49008	47384	487504	210336	1076320	-766896	538448	790224	-29816	-527592	1087320	2334095504	780632	-855280	-10180800	-9292848	-19332232	-17546416	-7009784	701659528	200921064	-26210944	27230800	-14132016	-19815488	-27914368	-39385200	-39437632	-3298080
989883	1071379	3074045	649321	1903399	2044771	-148687	3027896	556923	239982	3078557	3220329	943983	1970005	1776568	1968597	3329648	757714	2682250	946322	874374	1030856	3129580	964894	1140458	2329216	878287	1920811	933593	2595124	475733	726008	3114073	2691722	3237489	653816	2992793	-20349	1414800	1545509	2641371	2194708	1453432	578084	345970	603703	2706018	773898	2065062	1923475	890438	3174075	71513	2710053	2641056	3085556	1193279	2888618	1794015	1290636	378119	383209	1821423	2374837	1821938	2553873	3387233	111956	2119814	2976859	291409	2222492	2327321	1830458	1638895	3043191	3159559	2792536	2015432	2551650	1593068	3073497	168595	688924	2714	-880638	2176259	7088632	30207118	41761156	162512822	496907977	1530275588	4020089744	4022188722	4022189752	4021307562	4022527829	4020604906	2491030706	1747122128	547994536	767683840	1753889824	2523638756	5046021384	-21827960	-9859848	1273768	157032	32312	-17269080	-36672	79816	738168	354120	1624664	-1144480	847648	1183952	1816	-756240	1640576	3507894456	1202624	-1247592	-15216784	-13911816	-28915632	-26253112	-10460792	1054684656	302054952	-39206080	41057872	-21119888	-29690096	-41792160	-58982976	-59054176	-4997344
4595465	5220180	15005438	2886662	8977095	9759870	-1216630	14279440	2681171	771303	14832392	15439935	4374426	9304304	8333804	9297317	16242748	3340306	12736816	4306234	3987243	4820261	15214747	4588050	5189904	11358731	4105985	9243526	4403902	12611882	2107251	3114073	15194646	12795175	15631442	2616077	14476571	-456379	6996708	7215809	12793240	10736763	6774674	2546820	1671048	2856195	13051576	3812482	10003013	9354087	4238131	15288173	84637	12722348	12727580	14984521	5746431	13978711	8259641	6125254	1580390	1912152	8557072	11311961	8558566	12277232	16611498	602646	10084468	14513261	980019	10608306	11235352	8764157	7895433	14700821	15463583	13419225	9544670	12187955	7384505	14721628	562520	3560266	12239	-4070514	10885664	35396619	150838919	208242196	811324121	2480363638	7638613618	20066998396	20077164230	20077168628	20072967964	20078623890	20069277214	12434348282	8721418040	2734641236	3831442216	8754114068	12595097116	25184029248	-105014392	-47122952	6090024	243880	66896	-82418920	-305320	219264	3701272	1649224	7843984	-5658968	3828296	5813640	-203576	-3965448	7892808	17508557480	5685024	-6134368	-71765144	-65425888	-136494000	-123228360	-44315952	5280056192	1524135168	-179525080	220932752	-89175664	-139465472	-198472976	-277739600	-278015744	-23745696
