-18326304	-10963916	-24341481	-12693707	-21232397	-24127911	-26486014	-27392485	-15145104	-31244399	-16058681	-30226964	-17261387	-24263932	-14668591	-22417850	-19549047	-20598327	-26570372	-24243207	-26437696	-23416385	-30222952	-13292423	-32728957	-15535889	-14521510	-32712251	-13899010	-15738808	-13297405	-28426002	-23513759	-35274427	-26422466	-30173518	-11155285	-30291084	-22833524	-15202253	-14069823	-16979642	-19432416	-17675660	-23036839	-19572415	-15712627	-18896596	-22886746	-13104735	-15390595	-18473994	37234326	28157188	32814650	53969890	-14920874	22055244	46047004	18220888	36079180	34610376	17565008	50267448	-244578208	-19194384	-117176096	-8466032	-245282744	6548880	-234629488	-3119840	-81101896	-9978840	-157094160	-6802528	-76467432	-12416056	-9061568	-321133544	-939024	-4721096	-157247504	-8368880	-13617200	-240017480	-815424	12268256	-236491272	2489960	-12811720	-230852536	-16856536	-132720	-233669080	-4606000	11196480	-5907032	6097120	2142968	-2636072	-239591256	-1357088	-9131448	-244358992	-1358400	-234281928	-233400840	-5304576	-229236560	-238095352	-238442856	-5141192	-466712528	-456960480	-831119904	-910697024	-897559008	-889463776	-897248608	-897254880	-903792128	-906280960	-18996352	-31714176	-14212928	7880832
-10963916	-9470032	-22320582	-7838415	-15629527	-19902521	-20849080	-22774765	-13571788	-22266061	-11360668	-25947148	-14717728	-18279842	-5606429	-17797711	-18828829	-16625703	-23661050	-17780570	-24098013	-14183268	-22702254	-11885719	-26797647	-13687550	-8310491	-25533451	-4684928	-8342489	-11657343	-22622568	-17531418	-28011267	-20385914	-25579876	-8703433	-22670446	-13890390	-12144973	-11669275	-16417354	-16732410	-13941658	-24790100	-17713761	-13271205	-16491063	-19859925	-12446058	-13591017	-14789352	18837550	23861178	21451852	39623058	-16743736	14457944	31848292	8946624	22844012	16948322	11671714	34293050	-178740640	-1503832	-92590336	-10402152	-183309344	7626464	-173614136	-4279272	-35163968	-8925704	-109120360	-6509064	-47982976	-11864704	-6806584	-219631968	-2592912	-4820304	-91774536	-4841288	-11681032	-178159088	514856	8524736	-171324304	5332592	-11014104	-167978656	-14679992	-300528	-170995048	-7475520	9580800	-6808304	8822200	4488048	778968	-178865680	-1420408	-4843664	-179733616	-2247464	-169892584	-173091848	-5706384	-163410784	-177281432	-173871560	-8131232	-345830096	-333090560	-595449120	-670966848	-658680288	-650034272	-657318176	-657309504	-664838080	-659159104	-20285312	-15847744	-14887232	7069888
-24341481	-22320582	-53588590	-17213973	-36246713	-46912261	-48821133	-54016878	-32597159	-50981732	-25844960	-61935881	-35013906	-42450802	-10372168	-41632001	-45527089	-39000040	-56340169	-40943352	-57801746	-31400163	-52990053	-28294453	-63527285	-32425497	-18318438	-60052202	-8233232	-17322409	-27625433	-53219448	-40596486	-66047769	-47644955	-60712898	-20345070	-52695308	-30679304	-27993814	-27589446	-39640636	-39652921	-32490336	-60865200	-42179965	-31058162	-39024884	-47433073	-29940921	-32449515	-34585691	39838320	57318088	48098610	91701706	-41008562	32375280	72845188	18632058	50856026	35687810	26604174	78859804	-411764992	1330320	-213293400	-26038408	-424686216	19191696	-400804368	-10657120	-69780576	-21460848	-250079312	-15713432	-106147920	-28890704	-16064528	-501571120	-6946496	-11860320	-201384040	-10882624	-27951320	-412127176	1610632	19507184	-394008880	14136488	-27949568	-386524216	-35378168	-828168	-394069472	-19097608	23046256	-17180848	22449960	11732096	3103152	-414024888	-3158584	-10084296	-414840232	-5442056	-390975992	-400093816	-13786952	-374624312	-410109432	-400668496	-20782496	-799250848	-767005104	-1366462432	-1549003744	-1519417248	-1497974976	-1515488992	-1515458912	-1534473824	-1517775456	-50225984	-33464384	-36748992	16981696
-12693707	-7838415	-17213973	-9011492	-14809065	-17045539	-18608488	-19145064	-10570210	-22020242	-11404446	-21115782	-12098443	-17055861	-10323871	-15837772	-13844032	-14557727	-18891655	-17100028	-18683479	-16356665	-20993768	-9452240	-22785211	-11108765	-9990952	-22741773	-9645799	-11310035	-9487416	-19866113	-16523416	-24547392	-18509775	-21221563	-7812994	-21189068	-16032461	-11062211	-9877075	-12053154	-13779152	-12510730	-16318363	-13975806	-11331036	-13494044	-16002876	-9308564	-10838900	-13070044	25806786	19321478	23145362	37788594	-10808160	15616652	32152890	12693814	25421498	23795040	12177470	34645928	-172179024	-12427424	-84888144	-5979448	-172398224	4456640	-165300016	-2336832	-56488408	-6955312	-109514808	-4828744	-54192120	-8627528	-6172160	-223856640	-630888	-3258448	-109621256	-5633608	-9466432	-168716768	-486112	8595624	-166415144	1691400	-7904280	-162561008	-11608152	-75488	-164444632	-3346120	7685712	-3980792	4342248	1576848	-1828808	-168588960	-1178392	-6547592	-171850320	-1218536	-164738016	-164212000	-3917184	-161193440	-167545752	-167623096	-3704720	-328397424	-321589424	-584516448	-640625920	-631340800	-625730208	-631266528	-631272320	-635668000	-637367712	-13190208	-21983872	-9892160	5513920
-21232397	-15629527	-36246713	-14809065	-27688352	-33574069	-35851881	-38462527	-22321740	-39745699	-20263697	-43331312	-24620289	-31949521	-13458159	-30426909	-30070850	-28243612	-38736180	-31343547	-39242866	-27203621	-39932846	-19419609	-45587383	-22423174	-16471587	-44251146	-12168549	-16749690	-19178839	-38827107	-30789531	-48191642	-35374684	-42781300	-15033896	-39814457	-26509386	-20463350	-19675393	-26181165	-27723986	-23882910	-38213676	-28778073	-21993494	-27130281	-33009700	-19924640	-22405125	-25183375	39418230	40320054	39616356	70073818	-25282282	26607052	57737590	18932022	42764830	36173928	21584054	62907732	-315893848	-12139256	-156796424	-15460536	-321403616	11639064	-305254472	-6056816	-79271824	-14703408	-197699472	-10415680	-90011312	-19140560	-12075768	-400403192	-3301128	-7630688	-179093912	-9643320	-19551096	-313183400	50408	15419184	-303885536	7061872	-19415056	-297368144	-24529720	-395720	-302079336	-10296448	16138624	-10457848	12536536	5873480	-525568	-313578472	-2034968	-9720104	-316985168	-2891000	-301323200	-304226184	-8651256	-291793544	-311112448	-307739448	-11283816	-608036000	-589341856	-1060994624	-1182444512	-1162608064	-1149138624	-1160865120	-1160859424	-1172431424	-1167634400	-31614976	-33386048	-23299648	11598400
-24127911	-19902521	-46912261	-17045539	-33574069	-42200920	-44426868	-48350267	-28618877	-47856652	-24379861	-54965423	-31159750	-39125514	-13062817	-37849994	-39408952	-35294298	-49755945	-38092171	-50675906	-31092488	-48720225	-24964525	-57038179	-28751981	-18423567	-54612241	-11216415	-18396274	-24520623	-48210785	-37541844	-59789808	-43568561	-54149701	-18551561	-48596814	-30386992	-25626531	-24740541	-34312006	-35295472	-29624232	-51442199	-37140933	-27920952	-34684086	-41995561	-26027606	-28657684	-31391600	42365362	50808106	46486168	85085448	-34507366	31296710	68819562	20153178	49691972	38372098	25396260	74499624	-383306384	-6348504	-195629584	-21443856	-392440120	15865880	-371772544	-8686952	-80611040	-18843104	-235844752	-13629296	-104337800	-24953400	-14684768	-475374568	-5181488	-10086584	-202140448	-10793816	-24777872	-381638848	818760	18421176	-367733544	10774168	-24131312	-360337432	-31171304	-617592	-366649336	-15121312	20384824	-14206120	18018944	9018080	1103024	-382847184	-2818048	-10688832	-385281632	-4414992	-364699632	-370697976	-11743360	-351349568	-379539704	-373066632	-16494352	-740738304	-714502304	-1279582656	-1438000160	-1412218944	-1394149600	-1409425856	-1409408608	-1425126080	-1414532768	-42353472	-35765120	-31116736	14912576
-26486014	-20849080	-48821133	-18608488	-35851881	-44426868	-47046242	-50898248	-29894890	-51276515	-26134785	-57650225	-32703788	-41636567	-15394118	-40027335	-40806137	-37254004	-51935374	-40671434	-52775137	-34056649	-51916104	-26054344	-60155451	-30041879	-20364119	-57916029	-13553356	-20508815	-25631858	-51007360	-40010332	-63281692	-46245263	-56855842	-19678815	-51778545	-33252849	-27031663	-26050750	-35518484	-36985455	-31362007	-52720415	-38704997	-29294523	-36281593	-44007314	-27001024	-29959938	-33175238	47660062	53416712	50365512	90858212	-35193446	33883338	74063700	22776608	54071072	43425676	27475444	80366794	-409477248	-10497680	-206731232	-21716072	-418133264	16173280	-396545432	-8697568	-93017320	-19682184	-253689584	-14117072	-113615600	-25881328	-15663064	-512385784	-5005496	-10402296	-222618816	-11926456	-25993792	-406959808	552928	19799704	-393281016	10522264	-25388616	-385143344	-32662752	-602456	-391641320	-14986496	21408168	-14495640	18005368	8789104	415064	-407939648	-2860664	-11916576	-411298144	-4323240	-390005488	-395330008	-12009584	-376536232	-404546448	-398688000	-16377344	-790007200	-763561360	-1370441920	-1534751904	-1507973344	-1489438464	-1505294560	-1505280416	-1521322144	-1512110176	-43446848	-40279424	-31972288	15571264
-27392485	-22774765	-54016878	-19145064	-38462527	-48350267	-50898248	-55684192	-33112530	-54430741	-27610569	-63401594	-35900312	-44682334	-14142823	-43268506	-45474006	-40381662	-57109611	-43374049	-58366211	-35158311	-55964202	-28665986	-65737312	-32906181	-20943935	-62822712	-12157072	-20223992	-28091390	-55402614	-42883029	-68806385	-49916768	-62250026	-21290431	-55619971	-34258717	-28918629	-28438843	-39595793	-40474283	-33855027	-59695856	-42609914	-31764744	-39704272	-48464125	-29995876	-33014088	-35899257	47520428	58990178	52540774	97215656	-39827004	35287748	78473360	22476338	56059360	43189198	28979356	85426260	-436805592	-6730208	-221055184	-25034096	-448159792	18688528	-423848864	-10016600	-89072728	-21804616	-269244432	-15707040	-117287176	-28983192	-17014720	-542227256	-6236688	-11787168	-228282008	-12423616	-28631456	-435633616	983168	20969528	-418933200	12868904	-29082224	-410492520	-36176304	-744944	-417940192	-17726872	23680448	-16768128	21105736	10614600	1619320	-436943688	-3009968	-11759736	-439451968	-4891656	-415648008	-422944504	-13426072	-400025032	-433096696	-425375584	-19342944	-845031536	-814244192	-1457148640	-1640128992	-1610394112	-1589313184	-1606877408	-1606855616	-1625417984	-1612289760	-49422400	-40045696	-36235520	17224128
-15145104	-13571788	-32597159	-10570210	-22321740	-28618877	-29894890	-33112530	-19984016	-31243931	-15777012	-37929135	-21436963	-25985629	-6537346	-25413747	-27669574	-23793799	-34251417	-25052958	-35200288	-19436593	-32664748	-17209310	-39015749	-19667446	-11480812	-36945354	-5349500	-10558182	-16785100	-32668242	-24895329	-40593826	-29216235	-37089685	-12503738	-32356505	-18909494	-16854246	-16886897	-24110106	-24138883	-19865639	-36988387	-25614530	-18795867	-23705471	-29059542	-18215702	-19827247	-21128118	24962234	35362950	29510504	56295936	-24732214	19793144	44877102	11644962	31229936	22562830	16446728	48918212	-252295696	-462904	-128722920	-15794192	-260290128	11782040	-245444816	-6352512	-44084592	-13152128	-154271992	-9538872	-65040024	-17684128	-9988416	-309502256	-4231840	-7282688	-125021504	-6894664	-17142120	-252630656	878456	11987744	-241530496	8582920	-17868592	-236849520	-21770112	-498160	-241510008	-11505360	14224152	-10566456	13553400	7022952	1786296	-253624808	-1766592	-6144384	-254289072	-3092112	-239751096	-245155400	-8247816	-229838568	-251245968	-245693624	-12526560	-489693216	-470092992	-838148416	-949324928	-931311104	-918229952	-928848704	-928832352	-940532448	-930569248	-30669056	-20921920	-22405632	10390464
-31244399	-22266061	-50981732	-22020242	-39745699	-47856652	-51276515	-54430741	-31243931	-57734432	-29610823	-61053492	-34747706	-46016524	-21282996	-43631403	-42026465	-40411601	-54828517	-45407960	-55182269	-40202735	-57092778	-27474674	-64511395	-31902067	-24271998	-62972388	-19339284	-25737637	-27223760	-55269649	-44347281	-68484859	-50644787	-60623832	-21472422	-57202328	-39319589	-29826740	-27938569	-36564684	-39398626	-34274719	-52612137	-40737701	-31628822	-38607230	-46472218	-27954056	-31567428	-36090448	59395250	56338492	58328564	101029888	-35012520	39295824	83792686	28763434	63240816	54425636	31365332	90704926	-457185424	-20320840	-228448016	-20888472	-463222736	15573312	-441188528	-8297120	-122388672	-20572656	-286344704	-14580680	-133663080	-26506640	-17064432	-581195016	-4013488	-10426360	-265678440	-13997584	-27477464	-451824592	-150840	22401840	-440215480	8843048	-25485848	-430651160	-34230360	-490760	-437015696	-13569904	22514888	-13950048	16665976	7555080	-1670328	-452334864	-3147264	-14937384	-458060192	-4171288	-436250584	-439238704	-12190520	-423460760	-448950144	-445132800	-14887336	-878021296	-853077328	-1538941312	-1708565568	-1680773088	-1662386208	-1678887744	-1678882528	-1694312032	-1689972960	-43119168	-50399936	-31938048	16291968
-16058681	-11360668	-25844960	-11404446	-20263697	-24379861	-26134785	-27610569	-15777012	-29610823	-15242634	-30915006	-17616171	-23519689	-11246141	-22278007	-21255829	-20621993	-27882129	-23271149	-27965378	-20717324	-29042243	-13970354	-32700779	-16272382	-12463047	-31981218	-10204751	-13516111	-13868370	-28096910	-22663627	-34769796	-25811336	-30794350	-10932307	-29188059	-20309615	-15391829	-14199039	-18493725	-20059947	-17508374	-26447357	-20730685	-16212799	-19686411	-23525036	-14162831	-15999626	-18425315	30781480	28361362	30072798	51622238	-17692148	20295206	42900690	14967836	32653460	28149626	16051156	46231518	-234125536	-10705864	-117789352	-10416616	-236788496	7695872	-225846696	-4189552	-64007008	-10384472	-146442688	-7382368	-69168288	-13321984	-8614568	-297482440	-1903056	-5206248	-137057984	-7121464	-13890936	-231052096	-100648	11476816	-225500824	4251480	-12308664	-220602320	-17232648	-233424	-223751984	-6714664	11324424	-6878952	8263816	3704456	-1023968	-231337032	-1697448	-7840624	-234399736	-2189072	-223395656	-224712728	-6219896	-217039456	-229639576	-227855848	-7366792	-449223408	-436867712	-788624160	-874330752	-860267072	-851081280	-859453216	-859452160	-867055808	-865323680	-21539904	-26141440	-15993344	8235968
-30226964	-25947148	-61935881	-21115782	-43331312	-54965423	-57650225	-63401594	-37929135	-61053492	-30915006	-72394680	-40951702	-50411618	-14535272	-49018412	-52327567	-45810559	-65292964	-48780853	-66895472	-38799635	-63194154	-32774926	-74785054	-37563062	-23014647	-71189919	-12243017	-21819089	-32062694	-62845481	-48328363	-78073448	-56460163	-70955407	-24095516	-62741618	-37793915	-32676371	-32356832	-45560569	-46154272	-38314170	-69211668	-48751144	-36100668	-45294881	-55369468	-34459822	-37749980	-40686490	51348954	67393982	58391604	109456276	-46234280	39209230	87856368	24151290	62091602	46526078	32349454	95677518	-491215984	-4553656	-249593704	-29275264	-505165752	21829520	-477167880	-11749232	-93892992	-24977360	-301649360	-18062992	-129673024	-33382256	-19254408	-606499648	-7530048	-13641600	-250877160	-13716832	-32705816	-490718728	1371504	23487584	-470733456	15441088	-33611992	-461411792	-41408424	-897984	-470070304	-20992880	27076312	-19586376	24894200	12708024	2535472	-492405152	-3417808	-12691712	-494554936	-5747968	-467130448	-476324640	-15519816	-448807976	-487942984	-478334888	-22890896	-951615024	-915464016	-1635621632	-1846031552	-1811885920	-1787408352	-1807571008	-1807541024	-1829228704	-1812485408	-57372928	-43220160	-42007552	19730944
-17261387	-14717728	-35013906	-12098443	-24620289	-31159750	-32703788	-35900312	-21436963	-34747706	-17616171	-40951702	-23190430	-28624002	-8503346	-27810005	-29557340	-25982807	-36966068	-27732003	-37830544	-22167086	-35851372	-18556032	-42341313	-21281293	-13149787	-40346348	-7187067	-12593685	-18177946	-35624427	-27465001	-44228719	-32035602	-40172126	-13672831	-35622366	-21599486	-18597982	-18325270	-25754516	-26138377	-21756925	-39007285	-27602644	-20492170	-25667204	-31315436	-19474053	-21360949	-23083503	29492576	38077318	33317348	62172954	-26072410	22368998	49975786	13903326	35451042	26723430	18403234	54367106	-279253312	-2954856	-142000120	-16456608	-286956632	12251624	-271205104	-6610024	-54360312	-14115096	-171550336	-10209096	-74142696	-18832608	-10901600	-345085680	-4198792	-7686080	-143491552	-7806664	-18492584	-278811056	737160	13363320	-267670712	8610896	-18856592	-262369696	-23385584	-492864	-267214992	-11775328	15296680	-10988560	13960528	7105936	1318992	-279748352	-1968864	-7315864	-281068456	-3255976	-265588968	-270656352	-8768144	-255304672	-277238368	-271906200	-12835936	-540743936	-520457280	-930264320	-1049127360	-1029827168	-1016057792	-1027454976	-1027440608	-1039602432	-1030414720	-32300800	-24833088	-23648896	11140096
-24263932	-18279842	-42450802	-17055861	-31949521	-39125514	-41636567	-44682334	-25985629	-46016524	-23519689	-50411618	-28624002	-37084768	-15179231	-35433198	-35272610	-32910440	-45347182	-36376822	-45899271	-31209371	-46119329	-22734395	-52875139	-26298739	-18738402	-51208063	-13569793	-19321689	-22426673	-45025574	-35659466	-55844557	-41014776	-49860236	-17415317	-46097685	-30504662	-24052009	-22899499	-30675749	-32422932	-27773920	-44972626	-33746625	-25818610	-31782285	-38428014	-23382171	-26131135	-29333460	44773794	46626114	45771740	81124856	-29988174	30825938	66621214	21528984	49366440	40893634	24822562	72215712	-366200720	-12355232	-184072560	-18257440	-372677560	13600400	-354080944	-7293448	-89584104	-17111928	-227931304	-12216080	-103966160	-22317976	-13858216	-461358832	-3919816	-8883960	-204988480	-10903176	-22714728	-363052920	236528	17811592	-352095040	8403336	-21701904	-344641216	-28439928	-483112	-350153712	-12296304	18659552	-12190664	14918824	7083048	-363232	-363733512	-2537112	-11226808	-367420752	-3643728	-349062448	-352797384	-10323472	-337789080	-360833800	-356545464	-13465968	-705111376	-683045984	-1228654496	-1370801440	-1347587040	-1331799584	-1345569024	-1345558144	-1359049504	-1352877440	-36988800	-37928128	-27307392	13550720
-14668591	-5606429	-10372168	-10323871	-13458159	-13062817	-15394118	-14142823	-6537346	-21282996	-11246141	-14535272	-8503346	-15179231	-16165456	-13044846	-7212289	-11652239	-12435226	-15927586	-11396902	-18832740	-18415493	-6173752	-17222112	-7618471	-11954791	-18733961	-15829493	-14894999	-6519063	-15965453	-14909575	-19666197	-15755347	-15258015	-6525780	-18898555	-18490718	-9469608	-7410528	-6225646	-9763471	-10437818	-5184343	-8939403	-8644666	-9410877	-10777917	-5137210	-7103453	-10634565	34253564	13144274	24905364	34750120	-3032196	16842556	31966368	17271574	28289966	32138596	12608478	34456450	-160643816	-26233584	-73577944	-202632	-155271472	315120	-151639816	180008	-82791168	-4304416	-107960280	-2585256	-61124568	-4316592	-5241840	-225138856	1905808	-1190640	-130452432	-6549424	-6454192	-153536864	-1740664	8515488	-157099728	-3018288	-3580048	-152638264	-7456704	201304	-153072240	2010880	5102040	-285528	-1475568	-2195744	-5125184	-152354968	-847776	-8621992	-158630664	116880	-155141920	-149869096	-1576672	-155418752	-152019144	-156575864	2034784	-300100464	-301021648	-559950848	-590132672	-584866784	-583244800	-586447328	-586470464	-586770912	-597878432	-3826176	-29416960	-3311872	3435520
-22417850	-17797711	-41632001	-15837772	-30426909	-37849994	-40027335	-43268506	-25413747	-43631403	-22278007	-49018412	-27810005	-35433198	-13044846	-34106830	-34805272	-31745509	-44313134	-34632023	-44982877	-28894660	-44050788	-22231259	-51097023	-25665101	-17199305	-49165484	-11417459	-17524334	-21871747	-43348816	-34024017	-53746207	-39318544	-48409197	-16723565	-44005175	-28260953	-23175179	-22169338	-30287369	-31548499	-26714388	-44977148	-33050724	-25066472	-30981483	-37426858	-23042697	-25508475	-28270477	40302846	45253328	42863642	77236144	-30144316	28877916	62896884	19289032	46010512	36624536	23293272	68033880	-348465296	-8334368	-177107216	-18524856	-355730424	13718136	-337521728	-7490296	-78662368	-16729128	-215325704	-12043960	-96771272	-21996608	-13234640	-434869968	-4251464	-8826864	-188728992	-10022584	-22081472	-346218152	530560	16827080	-334629776	8953296	-21052856	-327748944	-27700744	-514224	-333258904	-12826952	18135040	-12277544	15388312	7536080	395720	-347147712	-2536440	-10185864	-349941400	-3813144	-331791528	-336401320	-10328424	-320301272	-344256912	-339170032	-14010288	-672261568	-649730768	-1165884064	-1305889888	-1283065056	-1267298432	-1280837440	-1280824224	-1294409088	-1286481408	-36936896	-34068160	-27206528	13258112
-19549047	-18828829	-45527089	-13844032	-30070850	-39408952	-40806137	-45474006	-27669574	-42026465	-21255829	-52327567	-29557340	-35272610	-7212289	-34805272	-38864274	-32670782	-47702876	-33878253	-49088590	-25229230	-44089473	-23965797	-53407617	-27403609	-14604848	-50206663	-5380479	-13419474	-23349754	-44573041	-33697258	-55323269	-39737535	-51182515	-16995276	-43780589	-24638253	-23337123	-23204610	-33855559	-33453058	-27141914	-52464311	-35758632	-26097897	-32953386	-40114660	-25514209	-27479802	-28940656	30824148	48451312	39098384	75972716	-35404404	26303854	59854156	14275146	41111418	27441116	21748442	64799204	-340662704	4173288	-177626472	-22671472	-352528392	16685584	-332142400	-9309880	-51416272	-18214816	-205685496	-13403888	-85599496	-24686568	-13400592	-411558896	-6274008	-10203200	-160702760	-8732680	-23625144	-341781952	1599512	16033952	-325591144	12662008	-23935136	-319583488	-29978088	-740432	-326099664	-16879880	19503400	-14934712	19732760	10475824	3283144	-343571584	-2665792	-7812944	-343567456	-4763056	-323163832	-331710480	-11839648	-308884992	-340199032	-331446032	-18347712	-662562640	-634358912	-1127445504	-1283124320	-1257932096	-1239436128	-1254336512	-1254308384	-1270837888	-1255023104	-43337280	-25814336	-31643776	14403904
-20598327	-16625703	-39000040	-14557727	-28243612	-35294298	-37254004	-40381662	-23793799	-40411601	-20621993	-45810559	-25982807	-32910440	-11652239	-31745509	-32670782	-29576726	-41453470	-32120498	-42127109	-26547132	-40926888	-20799903	-47657392	-23996359	-15765611	-45758940	-10119770	-15957823	-20447311	-40374733	-31589376	-50058786	-36564693	-45203457	-15561460	-40869646	-25965852	-21553656	-20683706	-28435324	-29469652	-24855831	-42396118	-30934447	-23375571	-28950259	-34987633	-21608453	-23857675	-26320805	36676092	42297964	39526566	71658818	-28437174	26628012	58191046	17518772	42359626	33277882	21517754	62939402	-323144776	-6706304	-164655552	-17547728	-330262456	12979272	-313178664	-7109016	-70868616	-15663136	-199247264	-11302472	-89014264	-20653640	-12305232	-402121536	-4114224	-8312496	-173062056	-9203448	-20642104	-321324528	581624	15565360	-310191560	8615832	-19758744	-303871864	-25917848	-496808	-309069072	-12248520	16954216	-11618400	14649176	7240000	599880	-322259744	-2372576	-9274864	-324627616	-3625344	-307585016	-312187968	-9723936	-296684864	-319532904	-314510616	-13371472	-623840016	-602453120	-1080165472	-1211516160	-1190116672	-1175252064	-1187941696	-1187928192	-1200782496	-1192779648	-34833216	-30983168	-25635584	12403776
-26570372	-23661050	-56340169	-18891655	-38736180	-49755945	-51935374	-57109611	-34251417	-54828517	-27882129	-65292964	-36966068	-45347182	-12435226	-44313134	-47702876	-41453470	-59463098	-43908572	-60798331	-34327156	-56452912	-29856558	-67184803	-34300275	-20063308	-63754734	-10138832	-19559955	-29220210	-56486893	-43419984	-70028212	-50736967	-64174081	-21654408	-56258954	-33578896	-30015674	-29211533	-41558060	-41941070	-34639056	-63307104	-44509505	-33050285	-41305883	-49980874	-31439043	-34202393	-36813484	44557780	60236260	52252584	98111712	-42705352	35196536	78371468	20996632	55442408	39986892	28673588	84622706	-441501856	-1008320	-228706080	-26846592	-454112576	19735816	-429303712	-11014368	-80595000	-22542000	-268821608	-16477560	-116105912	-30173352	-17023064	-540033704	-6941320	-12323016	-221092648	-11801880	-29432456	-441003600	1508200	20991960	-422803536	14204904	-28694464	-414667440	-37127200	-816712	-422440952	-19503176	24207928	-17646544	22977848	11870384	2649720	-442901520	-3445696	-11368912	-444383216	-5703768	-419412864	-428280264	-14449096	-402612192	-438839928	-429531800	-21221248	-855638880	-822557280	-1467828704	-1659137824	-1628075488	-1605867744	-1624269568	-1624241184	-1643766112	-1627739552	-52057344	-37475456	-38144128	17849536
-24243207	-17780570	-40943352	-17100028	-31343547	-38092171	-40671434	-43374049	-25052958	-45407960	-23271149	-48780853	-27732003	-36376822	-15927586	-34632023	-33878253	-32120498	-43908572	-35815212	-44280833	-31218484	-45129362	-22013904	-51350162	-25530750	-18770504	-49929841	-14355950	-19747382	-21758436	-43885191	-35008873	-54386425	-40105349	-48383337	-17019376	-45194046	-30547491	-23655890	-22263682	-29465417	-31482271	-27177365	-42789487	-32666639	-25212252	-30866792	-37168019	-22515248	-25266652	-28665210	45476836	44990470	45571524	79700906	-28556600	30716764	65791752	21972360	49295202	41582150	24556832	71163172	-360451688	-14066024	-181123064	-17159496	-365891264	12757528	-348175224	-6867976	-92572288	-16492136	-224875776	-11742440	-104033016	-21362432	-13496104	-455880624	-3470792	-8445264	-205706040	-10847600	-21956152	-356685392	70800	17585920	-346825880	7547584	-20354384	-339387632	-27395080	-429680	-344594616	-11360032	17987440	-11422032	13856744	6426256	-865568	-357250464	-2532208	-11471440	-361345816	-3478272	-343743144	-346733720	-9911104	-333195304	-354496760	-350905384	-12448352	-693041936	-672450256	-1211438528	-1347996928	-1325651104	-1310695264	-1323966240	-1323958016	-1336593472	-1331935488	-35045120	-38546048	-25933824	13074560
-26437696	-24098013	-57801746	-18683479	-39242866	-50675906	-52775137	-58366211	-35200288	-55182269	-27965378	-66895472	-37830544	-45899271	-11396902	-44982877	-49088590	-42127109	-60798331	-44280833	-62374674	-34085560	-57344833	-30529981	-68664772	-34977789	-19924582	-64950612	-9103956	-18825566	-29824092	-57539750	-43923914	-71406419	-51523554	-65563641	-22007584	-57003097	-33277629	-30215197	-29802803	-42762651	-42796302	-35129113	-65582362	-45505665	-33520459	-42117326	-51228880	-32291381	-35043572	-37375399	43409336	61954728	52103380	99209824	-44139540	35044304	78884928	20303564	55104388	38937384	28823770	85467960	-445462184	912792	-230225184	-28029088	-459348392	20689248	-433534096	-11440576	-76364216	-23173944	-270907896	-16943496	-115070880	-31178464	-17398720	-543393512	-7468624	-12801664	-218778872	-11837608	-30191112	-445807440	1685728	21126232	-426314008	15190832	-30390544	-418196432	-38220648	-879592	-426319984	-20525240	24918680	-18523408	24132920	12591320	3258728	-447800104	-3383832	-10949136	-448775472	-5813144	-423036160	-432762960	-14824312	-405444848	-443585752	-433496064	-22332680	-864526528	-829816496	-1478730816	-1675651104	-1643728832	-1620622336	-1639503616	-1639472512	-1659972736	-1642156384	-54155328	-36460928	-39606592	18329216
-23416385	-14183268	-31400163	-16356665	-27203621	-31092488	-34056649	-35158311	-19436593	-40202735	-20717324	-38799635	-22167086	-31209371	-18832740	-28894660	-25229230	-26547132	-34327156	-31218484	-34085560	-30030472	-38698266	-17174695	-41955844	-20112477	-18515097	-41905145	-17760241	-20380628	-17184249	-36479439	-30221044	-45213773	-33936028	-38832656	-14324396	-38879512	-29342436	-19802330	-18095553	-21914113	-25089097	-22788132	-29755380	-25327469	-20413416	-24454098	-29398127	-16942438	-19815957	-23826167	47592612	35903244	42235596	69309560	-19443824	28443062	59065694	23328348	46427840	44109638	22469116	64166034	-314705936	-23934304	-152436152	-10927072	-315438424	8343712	-301982352	-4126120	-103843288	-12801896	-201398456	-8782408	-98592328	-15912328	-11521992	-411642104	-1187536	-6033344	-201488888	-10592704	-17447048	-308670648	-974904	15758016	-304234560	3175264	-15697280	-297044032	-21529424	-165968	-300630664	-6011440	14279272	-7497384	7901624	2811032	-3351992	-308252640	-1894192	-11825712	-314313712	-1933176	-301315624	-300270864	-6964376	-294807624	-306330216	-306649976	-6690464	-600452432	-587908896	-1068997920	-1171517696	-1154579136	-1144200928	-1154267936	-1154274880	-1162568576	-1165690720	-24338112	-40533376	-18238912	10145792
-30222952	-22702254	-52990053	-20993768	-39932846	-48720225	-51916104	-55964202	-32664748	-57092778	-29042243	-63194154	-35851372	-46119329	-18415493	-44050788	-44089473	-40926888	-56452912	-45129362	-57344833	-38698266	-57773544	-28313340	-66318905	-32623462	-23420993	-64173157	-16586698	-23392051	-27881114	-56328664	-44394305	-69974094	-51175897	-62272168	-21771844	-57494886	-37682293	-29448543	-28612272	-38365439	-40349766	-34544534	-56465116	-41965902	-31863380	-39463234	-48193518	-29202408	-32696688	-36482450	55422906	58934676	56547084	101044720	-37347584	37961288	82958846	26523280	60920312	50870776	30962294	90539026	-454879192	-15842544	-225764784	-23028864	-463709600	17380720	-439872832	-9023024	-110062248	-21514888	-284256864	-15250808	-127919552	-28137560	-17537840	-575031208	-5114016	-11273104	-254210880	-13797584	-28532232	-451615792	245200	22140344	-437339376	10844728	-28770352	-428012160	-35901648	-622776	-435065184	-15522984	23604824	-15621136	18829984	8948328	-258384	-452286832	-2880936	-13596592	-456770056	-4246968	-433757064	-438613672	-12707920	-419510336	-448640992	-443203584	-17004456	-876538736	-848543664	-1525968000	-1703985472	-1674949408	-1654996256	-1672145408	-1672133472	-1689426304	-1681142592	-46781504	-46873664	-34441600	16995904
-13292423	-11885719	-28294453	-9452240	-19419609	-24964525	-26054344	-28665986	-17209310	-27474674	-13970354	-32774926	-18556032	-22734395	-6173752	-22231259	-23965797	-20799903	-29856558	-22013904	-30529981	-17174695	-28313340	-15000550	-33716956	-17225507	-10036361	-31978311	-5029806	-9762550	-14669911	-28342938	-21768332	-35136794	-25443783	-32213239	-10867951	-28207216	-16800221	-15051697	-14664858	-20880953	-21058877	-17380822	-31839876	-22357606	-16590906	-20739775	-25100924	-15803593	-17174160	-18474700	22237324	30239546	26167464	49182150	-21483064	17625408	39272852	10478396	27755688	19962048	14359248	42398666	-221333136	-406528	-114730992	-13506176	-227704200	9930488	-215246536	-5545296	-40157168	-11322816	-134699312	-8276400	-58095064	-15156888	-8538864	-270585672	-3503640	-6195360	-110594480	-5907496	-14772800	-221119472	769880	10511912	-211946136	7156560	-14346880	-207870056	-18639040	-413512	-211789176	-9826752	12150672	-8877016	11564528	5973760	1361472	-222081688	-1731808	-5677992	-222798952	-2869264	-210250552	-214746000	-7267488	-201796800	-220040640	-215336248	-10689584	-429010640	-412364880	-735755744	-831844224	-816243264	-805081952	-814324160	-814310272	-824130080	-816000960	-26158848	-18682240	-19165824	8966912
-32728957	-26797647	-63527285	-22785211	-45587383	-57038179	-60155451	-65737312	-39015749	-64511395	-32700779	-74785054	-42341313	-52875139	-17222112	-51097023	-53407617	-47657392	-67184803	-51350162	-68664772	-41955844	-66318905	-33716956	-77677452	-38693645	-25095041	-74350218	-14947292	-24169119	-33049718	-65492869	-50766643	-81378250	-59050531	-73406135	-25178901	-65864452	-40844037	-34038157	-33560531	-46493465	-47667663	-39986689	-69936492	-50084186	-37374825	-46715580	-57148521	-35237747	-38889773	-42381824	57182368	69721768	62439422	115185332	-46534104	41910572	93188696	27058720	66701436	52103964	34483648	101638312	-517340032	-9489552	-260373992	-29254472	-530503184	21925208	-501753360	-11633216	-107932760	-25697800	-319800456	-18446472	-139539536	-34107320	-20203872	-644326984	-7222664	-13856120	-272879016	-14914496	-33786440	-515781752	1030416	24894392	-496330744	14938864	-34692152	-486227560	-42712288	-866728	-494989808	-20585264	27985088	-19689064	24575544	12279672	1658712	-517183784	-3454392	-14057296	-520424240	-5592488	-492461848	-500717584	-15669336	-474213792	-512671712	-503912800	-22477336	-1000447472	-964476592	-1727085600	-1942175840	-1907216704	-1882471936	-1903109056	-1903084480	-1924882368	-1910041952	-58004544	-48210752	-42534208	20296832
-15535889	-13687550	-32425497	-11108765	-22423174	-28751981	-30041879	-32906181	-19667446	-31902067	-16272382	-37563062	-21281293	-26298739	-7618471	-25665101	-27403609	-23996359	-34300275	-25530750	-34977789	-20112477	-32623462	-17225507	-38693645	-19836246	-11730794	-36781920	-6260877	-11710464	-16873049	-32608653	-25178207	-40391247	-29349246	-37007445	-12519409	-32587331	-19716174	-17516539	-16859158	-23867661	-24226106	-20068136	-36213165	-25687779	-19182437	-23877694	-28750399	-18086659	-19683141	-21319410	26365610	34518522	30587924	56905754	-24502306	20638258	45569628	12491120	32521578	23639990	16676708	49030794	-256539816	-1102520	-133465240	-15276808	-263420472	11174848	-249336576	-6312152	-48449408	-12938288	-156122672	-9470664	-68220240	-17259248	-9781016	-313952304	-3862760	-7019992	-129770848	-6846104	-16913896	-255913344	839704	12204392	-245762264	7943136	-15945808	-241010920	-21271496	-458632	-245428544	-11050720	13859056	-9978680	13032808	6691368	1345408	-257019040	-2065592	-6806728	-258048072	-3334744	-243726728	-248627888	-8345824	-234184592	-254697808	-249513232	-12024936	-496736384	-477987680	-853622048	-963433600	-945584352	-932932896	-943526976	-943511360	-954549568	-945795616	-29647872	-22189952	-21763712	10257280
-14521510	-8310491	-18318438	-9990952	-16471587	-18423567	-20364119	-20943935	-11480812	-24271998	-12463047	-23014647	-13149787	-18738402	-11954791	-17199305	-14604848	-15765611	-20063308	-18770504	-19924582	-18515097	-23420993	-10036361	-25095041	-11730794	-11576390	-25227472	-11438161	-12505767	-10055805	-21855068	-18189031	-27145805	-20371009	-22982783	-8599939	-23437215	-18022016	-11580220	-10753625	-12681856	-14749737	-13579927	-16933978	-14740226	-11923501	-14300937	-17413850	-9823525	-11668136	-14166943	29896814	21552144	25706046	41839384	-10839080	17251886	35950000	14645980	28348536	27912168	13775278	39396328	-189554008	-16599232	-89479488	-6071400	-189697712	4789504	-181574568	-2156992	-65797128	-7564656	-122681872	-5082352	-60085512	-9325560	-7050016	-251143016	-520528	-3519216	-124803584	-6690128	-10374176	-185765760	-780416	9566168	-183475480	1537640	-9967264	-178991696	-12846616	-79944	-181092384	-3080752	8563624	-4331864	4206000	1301944	-2358312	-185279376	-955448	-7258648	-189298368	-846520	-181769440	-180631512	-3860080	-178181744	-184178920	-184900160	-3463832	-361214480	-354285232	-645662624	-705315904	-695449760	-689475392	-695309856	-695316544	-700111008	-702902336	-14016512	-25463872	-10508480	5975104
-32712251	-25533451	-60052202	-22741773	-44251146	-54612241	-57916029	-62822712	-36945354	-62972388	-31981218	-71189919	-40346348	-51208063	-18733961	-49165484	-50206663	-45758940	-63754734	-49929841	-64950612	-41905145	-64173157	-31978311	-74350218	-36781920	-25227472	-71595002	-16617932	-24806752	-31427572	-62934559	-49231263	-78193442	-56986909	-70019326	-24261447	-63811877	-40799549	-32815740	-32095338	-43691568	-45409093	-38512865	-64961383	-47448969	-35738455	-44454185	-54330646	-33181862	-36914690	-40740234	58744766	66380450	61724700	111898180	-43083808	41438184	91254694	27972252	66252032	53737182	33935634	99572062	-503166384	-13741976	-251288960	-26822280	-514309456	20173584	-487211040	-10580576	-114139776	-24336896	-312908528	-17355960	-138898512	-32052864	-19513336	-631822416	-6272184	-12924288	-274042112	-14920784	-32153264	-500502320	599728	24372152	-483295136	13146776	-32764160	-473202936	-40544096	-758144	-481323856	-18455144	26614608	-18125800	22224288	10830848	571688	-501525032	-3260224	-14419064	-505665032	-5034368	-479424448	-485990600	-14585800	-462763832	-497329624	-490183248	-20187896	-971142176	-938357424	-1684230816	-1886709888	-1853741504	-1830762016	-1850231072	-1850211648	-1870283232	-1858744416	-53873088	-49634624	-39589248	19220736
-13899010	-4684928	-8233232	-9645799	-12168549	-11216415	-13553356	-12157072	-5349500	-19339284	-10204751	-12243017	-7187067	-13569793	-15829493	-11417459	-5380479	-10119770	-10138832	-14355950	-9103956	-17760241	-16586698	-5029806	-14947292	-6260877	-11438161	-16617932	-15681862	-14127012	-5370495	-14026999	-13385857	-17321550	-13988378	-12933583	-5788788	-16973424	-17384321	-8166397	-6377452	-4622403	-8177746	-9171991	-2752985	-7195665	-7293066	-7794673	-9032366	-3940604	-5856616	-9287226	33080100	11245434	23080716	31388934	-1242974	15572564	29395150	16692862	26383102	31246222	11718406	31952856	-145065800	-27164560	-63952976	844848	-139333512	-340720	-136381928	693368	-80856816	-3523208	-99249296	-1942032	-56957368	-3257544	-4763168	-207750232	2167224	-773040	-123804856	-6317344	-5444320	-138076448	-1867536	7799744	-142258104	-3563472	-3121536	-137994544	-6246104	226232	-138210520	2836648	4336960	282544	-2417456	-2734344	-5287504	-136703968	-586456	-8186368	-143045936	505088	-140490536	-134783336	-923512	-141418424	-136519632	-141579216	2923288	-269921952	-272096976	-508811552	-531805568	-527714304	-526892352	-529373216	-529397056	-529074432	-540913536	-1942400	-28398784	-1919040	2811008
-15738808	-8342489	-17322409	-11310035	-16749690	-18396274	-20508815	-20223992	-10558182	-25737637	-13516111	-21819089	-12593685	-19321689	-14894999	-17524334	-13419474	-15957823	-19559955	-19747382	-18825566	-20380628	-23392051	-9762550	-24169119	-11710464	-12505767	-24806752	-14127012	-15249746	-9957571	-21573734	-18770475	-26554804	-20556070	-22367251	-8602706	-23906793	-20087508	-12697586	-10535265	-11647495	-14567436	-13893756	-14276956	-14400168	-12423579	-14266048	-16433469	-9175206	-11097880	-14407019	34076532	19558840	28265072	43168692	-9502766	19171988	37745670	17021946	31474102	31483858	14459360	40244826	-198548008	-20048368	-97584288	-4436352	-195957984	3223400	-189517376	-1750016	-78401864	-6943920	-127899840	-4720080	-67680592	-8122176	-6681184	-263505128	469664	-2832928	-138317224	-6854352	-9713872	-192510360	-1052632	10101224	-192668704	-229896	-6249272	-187908504	-11595128	40352	-189405608	-1573792	7715104	-2847536	2518496	194360	-3648752	-192048008	-1443904	-8829120	-197212312	-1080408	-190445784	-187727208	-3745344	-188004760	-191139464	-193152816	-1815816	-375633312	-371186656	-680228640	-734776864	-725607136	-720868448	-726410208	-726422848	-729556128	-735856032	-11122560	-29159488	-8598720	5552704
-13297405	-11657343	-27625433	-9487416	-19178839	-24520623	-25631858	-28091390	-16785100	-27223760	-13868370	-32062694	-18177946	-22426673	-6519063	-21871747	-23349754	-20447311	-29220210	-21758436	-29824092	-17184249	-27881114	-14669911	-33049718	-16873049	-10055805	-31427572	-5370495	-9957571	-14390916	-27842749	-21498022	-34491179	-25057850	-31554853	-10687990	-27819645	-16816784	-14879508	-14370704	-20356894	-20625820	-17111551	-30845698	-21863306	-16307188	-20321786	-24527376	-15393108	-16791138	-18161620	22569358	29534538	26078522	48565264	-20816084	17564314	38903790	10677746	27711952	20268586	14249530	41956860	-218785024	-1115720	-113317920	-13023104	-224708256	9554216	-212630656	-5346616	-41449264	-11046424	-133383104	-8074152	-58151272	-14743384	-8383944	-268203784	-3313024	-6003248	-110935192	-5881184	-14445384	-218310688	679800	10424392	-209613528	6793120	-13926072	-205563040	-18187000	-384296	-209311376	-9412608	11864368	-8540776	11099480	5702656	1128184	-219209560	-1727640	-5779104	-220096816	-2791872	-207892272	-212037824	-7066528	-199760048	-217233488	-212831056	-10240496	-423652832	-407650208	-728050976	-821713344	-806490432	-795690048	-804712352	-804701376	-814142880	-806705856	-25339072	-19005888	-18571392	8735168
