-853844	-2878698	-1897901	-1468627	-319888	-1434304	-2554823	-2229479	-3502725	-1937912	-2031683	-1470433	-3315322	-2567834	-2836035	-1712392	-142975	-2387515	-1105513	-2445600	-3254484	-2295575	-3033916	-2387797	-1658559	-1844727	-624011	-1350617	-1227392	-2878044	-886133	-5121	2823824	6990830	8874406	23252817	-1560081	97428	-2298525	-1372242	-423639	-1788720	-1575657	-2594646	-538662	8372073	125286	-11671641	-23325276	-47813940	-1583472	1798392	1703976	25485660	48321984	48572820	116439024	347545764	144032724	70443180	215048952
-2878698	-9962804	-6560655	-4937610	-1006233	-4900666	-8845820	-7607211	-12085178	-6499319	-6913105	-4994903	-11374646	-8737334	-9766858	-5796786	-379830	-8244414	-3732051	-8416853	-11137596	-7844693	-10419306	-8239579	-5570290	-6357459	-2033548	-4595406	-4149898	-9905301	-3066131	-16896	9725597	24110078	30689304	80375349	-5356434	326190	-7983897	-4720701	-1433154	-6161754	-5391882	-8994411	-1743075	28728792	374577	-40081269	-80095884	-164245572	-5651856	6206232	5831796	87537060	166120224	166946076	400311084	1194914196	495077328	242137764	739257840
-1897901	-6560655	-4321758	-3255993	-666683	-3229548	-5824746	-5014174	-7959391	-4286685	-4556193	-3292917	-7493704	-5758305	-6433012	-3821946	-254838	-5430738	-2460328	-5544808	-7338000	-5169184	-6864581	-5427698	-3673656	-4187733	-1344149	-3029625	-2736380	-6524494	-2020005	-11223	6406725	15880250	20211314	52936680	-3527694	216627	-5255076	-3109296	-944667	-4056723	-3552219	-5921967	-1150425	18929103	249687	-26407767	-52771512	-108211608	-3715272	4086684	3842460	57671808	109439280	109983612	263717352	787186224	326156544	159522552	487022220
-1468627	-4937610	-3255993	-2528534	-554978	-2463618	-4381561	-3831580	-6010264	-3337200	-3491824	-2527452	-5693061	-4413923	-4867300	-2944778	-252492	-4096043	-1901545	-4197186	-5590020	-3944397	-5207963	-4096470	-2855616	-3165521	-1078219	-2321400	-2111142	-4940187	-1519699	-8916	4846380	11997211	15222913	39888348	-2679402	167283	-3941289	-2356083	-729510	-3069624	-2707302	-4449777	-932298	14374866	217743	-20039622	-40049532	-82092744	-2705520	3085980	2927100	43753164	82948068	83379876	199868160	596558088	247243932	120922776	369150588
-319888	-1006233	-666683	-554978	-141908	-519563	-891257	-812015	-1234574	-736936	-743733	-541577	-1187339	-940158	-1004365	-635871	-84294	-840987	-412901	-869015	-1173030	-831124	-1084064	-842397	-628221	-652859	-255047	-495770	-457560	-1021493	-310882	-2123	1001196	2468056	3109268	8160111	-556116	38655	-793008	-487017	-157206	-630717	-567825	-901530	-221319	2999301	62163	-4171971	-8339046	-17076768	-503136	632556	613836	9102948	17217576	17315964	41476416	123780132	51339888	25110612	76633668
-1434304	-4900666	-3229548	-2463618	-519563	-2426448	-4350209	-3768755	-5953581	-3247227	-3429201	-2480067	-5619463	-4333870	-4816145	-2883268	-215135	-4060414	-1858232	-4152039	-5508952	-3883108	-5144966	-4059307	-2781209	-3133792	-1031336	-2280031	-2065041	-4885851	-1508694	-8537	4795826	11880475	15102625	39563721	-2644887	163905	-3919695	-2328864	-713121	-3037122	-2667051	-4420899	-886248	14192187	198981	-19792692	-39553692	-81094728	-2738148	3056652	2884824	43222944	81988548	82404900	197568588	589718232	244363752	119515356	364869468
-2554823	-8845820	-5824746	-4381561	-891257	-4350209	-7854604	-6751928	-10729963	-5767157	-6136306	-4433122	-10097719	-7755452	-8671489	-5144751	-334687	-7319365	-3312269	-7472105	-9887111	-6963581	-9249535	-7315137	-4943086	-5644215	-1803237	-4078406	-3682800	-8794068	-2722089	-14963	8634253	21405631	27248137	71361213	-4755924	288939	-7090188	-4191309	-1272045	-5471547	-4786524	-7986786	-1546323	25503393	330963	-35582574	-71105916	-145811568	-5021604	5510556	5177220	77711316	147476256	148209228	355383600	1060807536	439513056	214960968	656289648
-2229479	-7607211	-5014174	-3831580	-812015	-3768755	-6751928	-5856758	-9243271	-5050634	-5328168	-3854098	-8727543	-6734496	-7477600	-4481101	-340029	-6304132	-2888507	-6447209	-8556918	-6032832	-7990142	-6302512	-4325153	-4865724	-1607199	-3543345	-3210610	-7586675	-2342386	-13357	7447088	18447208	23444910	61419846	-4107321	255171	-6082401	-3616584	-1108812	-4714383	-4143141	-6861075	-1381062	22042947	311883	-30740043	-61431132	-125946012	-4241892	4745436	4480548	67126056	127322592	127969740	306803880	915769656	379482048	185602284	566620488
-3502725	-12085178	-7959391	-6010264	-1234574	-5953581	-10729963	-9243271	-14665636	-7913774	-8402862	-6072116	-13812102	-10620320	-11855065	-7050143	-476613	-10003024	-4540442	-10216139	-13528630	-9530670	-12650206	-9998227	-6781504	-7715323	-2484783	-5585152	-5048014	-12023846	-3719060	-20608	11804338	29259598	37231254	97512612	-6504711	396729	-9681825	-5731215	-1743738	-7479549	-6549921	-10909236	-2132745	34883682	461868	-48664659	-97249134	-199411944	-6831936	7531428	7083828	106279728	201666996	202675056	485968248	1450586124	601025976	293954976	897452676
-1937912	-6499319	-4286685	-3337200	-736936	-3247227	-5767157	-5050634	-7913774	-4405968	-4603879	-3333078	-7500202	-5819389	-6410218	-3884817	-339833	-5393118	-2508773	-5527942	-7366169	-5198458	-6860676	-5394150	-3769726	-4168392	-1427640	-3060876	-2785247	-6506432	-2000540	-11788	6382639	15797760	20040363	52514298	-3529497	221433	-5185926	-3103209	-962490	-4042152	-3567543	-5856573	-1234653	18937716	290559	-26398164	-52757274	-108137184	-3550128	4062996	3857304	57636096	109257900	109829172	263264544	785776572	325671480	159280092	486242460
-2031683	-6913105	-4556193	-3491824	-743733	-3429201	-6136306	-5328168	-8402862	-4603879	-4850486	-3508352	-7938011	-6130553	-6799309	-4081091	-315571	-5729112	-2631867	-5861532	-7785320	-5489052	-7266060	-5728251	-3942227	-4423412	-1468290	-3224373	-2923772	-6898500	-2127782	-12139	6770063	16768740	21306367	55817697	-3736674	231348	-5527290	-3288927	-1009842	-4288614	-3769557	-6234951	-1264722	20046144	286197	-27954576	-55865268	-114530940	-3844212	4314600	4076724	61042824	115774500	116366292	278977884	832705848	345068352	168767640	515229120
-1470433	-4994903	-3292917	-2527452	-541577	-2480067	-4433122	-3854098	-6072116	-3333078	-3508352	-2538780	-5738425	-4434004	-4913708	-2953255	-232781	-4141085	-1904585	-4237449	-5628724	-3968908	-5253460	-4140679	-2853623	-3197284	-1065630	-2333180	-2116241	-4985737	-1538298	-8822	4893638	12118356	15395750	40337211	-2699568	168984	-3990615	-2376327	-730053	-3097485	-2724732	-4503318	-915939	14493918	210342	-20209344	-40386600	-82795740	-2770932	3116904	2946972	44130636	83694240	84122772	201674580	601967700	249455448	122006196	372463272
-3315322	-11374646	-7493704	-5693061	-1187339	-5619463	-10097719	-8727543	-13812102	-7500202	-7938011	-5738425	-13025568	-10033029	-11169647	-6668193	-478006	-9419858	-4296383	-9627590	-12764265	-8995284	-11926104	-9415957	-6425067	-7268538	-2370204	-5277037	-4774896	-11330562	-3500506	-19727	11121881	27559387	35047453	91802781	-6132594	376620	-9104742	-5401059	-1649499	-7045779	-6180309	-10264011	-2037117	32893968	449655	-45882441	-91691766	-188000844	-6386820	7092792	6684480	100196988	190087188	191044944	458050500	1367235252	566529228	277083648	845927712
-2567834	-8737334	-5758305	-4413923	-940158	-4333870	-7755452	-6734496	-10620320	-5819389	-6130553	-4434004	-10033029	-7748844	-8593460	-5157962	-398991	-7240625	-3326529	-7408048	-9840046	-6937957	-9183129	-7239399	-4982947	-5590604	-1855825	-4075187	-3695359	-8719070	-2688990	-15377	8556423	21194006	26928163	70544694	-4723266	291867	-6986211	-4157121	-1276623	-5420583	-4764801	-7880235	-1599300	25335849	361347	-35331855	-70608744	-144756720	-4858440	5453484	5152692	77150472	146323932	147071496	352588356	1052420760	436120020	213300036	651182868
-2836035	-9766858	-6433012	-4867300	-1004365	-4816145	-8671489	-7477600	-11855065	-6410218	-6799309	-4913708	-11169647	-8593460	-9584846	-5706899	-392935	-8085245	-3675864	-8259528	-10942464	-7709651	-10229002	-8081844	-5492728	-6236897	-2017043	-4519094	-4086392	-9721465	-3005455	-16674	9543345	23653452	30091638	78815031	-5260605	321225	-7823304	-4634352	-1412175	-6047496	-5298174	-8816322	-1732749	28208718	376854	-39350544	-78636390	-161242080	-5509656	6088164	5730012	85938432	163058328	163876728	392933952	1172878344	485968104	237680100	725641632
-1712392	-5796786	-3821946	-2944778	-635871	-2883268	-5144751	-4481101	-7050143	-3884817	-4081091	-2953255	-6668193	-5157962	-5706899	-3437820	-278818	-4806840	-2217629	-4921081	-6542739	-4614389	-6102549	-4806535	-3325538	-3712490	-1246422	-2713606	-2463087	-5790964	-1784570	-10344	5682642	14070468	17868941	46818204	-3137529	196242	-4630359	-2760738	-850371	-3598236	-3167805	-5226105	-1073793	16838907	247671	-23478276	-46920594	-96185952	-3202572	3619416	3426348	51266172	97214316	97714680	234248916	699189228	289756404	141716232	432634284
-142975	-379830	-254838	-252492	-84294	-215135	-334687	-340029	-476613	-339833	-315571	-232781	-478006	-398991	-392935	-278818	-67160	-323887	-183223	-342657	-479659	-343497	-433450	-325699	-287465	-254649	-134376	-211542	-201881	-401776	-118139	-1146	392391	956726	1181147	3112752	-221559	19095	-289158	-191799	-69054	-244488	-232320	-335301	-118251	1206735	42024	-1669512	-3338850	-6819828	-137892	243216	251196	3636696	6835452	6883848	16455516	49089636	20401848	9979488	30433536
-2387515	-8244414	-5430738	-4096043	-840987	-4060414	-7319365	-6304132	-10003024	-5393118	-5729112	-4141085	-9419858	-7240625	-8085245	-4806840	-323887	-6825152	-3094811	-6969507	-9225077	-6498571	-8629031	-6821469	-4621475	-5263299	-1692767	-3809677	-3441688	-8200448	-2538377	-14097	8052293	19957584	25398747	66525279	-4433775	272652	-6602400	-3907572	-1187676	-5098446	-4465425	-7440915	-1448988	23793960	316080	-33192579	-66329892	-136012392	-4663368	5135808	4830180	72491892	137558148	138243804	331480332	989454528	409960944	200510064	612154692
-1105513	-3732051	-2460328	-1901545	-412901	-1858232	-3312269	-2888507	-4540442	-2508773	-2631867	-1904585	-4296383	-3326529	-3675864	-2217629	-183223	-3094811	-1431634	-3169602	-4217043	-2974375	-3931677	-3095036	-2147248	-2391077	-806664	-1749480	-1589415	-3730258	-1148756	-6642	3659980	9061632	11504398	30142992	-2021916	125991	-2980569	-1778574	-548649	-2318532	-2041752	-3363981	-696387	10849467	161211	-15126399	-30229560	-61967772	-2056008	2331312	2207988	33028380	62625828	62950020	150904212	450417996	186665868	91294524	278705448
-2445600	-8416853	-5544808	-4197186	-869015	-4152039	-7472105	-6447209	-10216139	-5527942	-5861532	-4237449	-9627590	-7408048	-8259528	-4921081	-342657	-6969507	-3169602	-7120170	-9431455	-6645046	-8817771	-6966242	-4736215	-5376177	-1741290	-3897527	-3523728	-8377845	-2591277	-14477	8225421	20383514	25931922	67925025	-4531410	279108	-6737883	-3992427	-1216140	-5208693	-4565508	-7595196	-1492635	24317103	328578	-33919818	-67783974	-138987576	-4742880	5245416	4938480	74077572	140551320	141255912	338689956	1010966688	418889124	204875604	625478004
-3254484	-11137596	-7338000	-5590020	-1173030	-5508952	-9887111	-8556918	-13528630	-7366169	-7785320	-5628724	-12764265	-9840046	-10942464	-6542739	-479659	-9225077	-4217043	-9431455	-12512040	-8818832	-11686042	-9222333	-6309472	-7119620	-2334192	-5174902	-4686265	-11100594	-3427445	-19315	10895296	26995374	34320341	89901081	-6010185	369255	-8912853	-5292075	-1619136	-6903081	-6058356	-10049061	-2008482	32234130	445929	-44958192	-89844606	-184207872	-6236124	6947160	6551736	98178492	186242640	187186152	448791480	1339589736	555082308	271482660	828824076
-2295575	-7844693	-5169184	-3944397	-831124	-3883108	-6963581	-6032832	-9530670	-5198458	-5489052	-3968908	-8995284	-6937957	-7709651	-4614389	-343497	-6498571	-2974375	-6645046	-8818832	-6216832	-8234576	-6496860	-4452393	-5015775	-1650456	-3648745	-3305591	-7821491	-2414180	-13665	7676607	19019498	24175217	63327597	-4235799	260541	-6276567	-3729330	-1142700	-4863309	-4270605	-7077639	-1420848	22716045	316557	-31681647	-63313026	-129807588	-4384176	4894044	4617924	69183684	131232480	131898876	316231092	943908624	391132188	191297592	584019720
-3033916	-10419306	-6864581	-5207963	-1084064	-5144966	-9249535	-7990142	-12650206	-6860676	-7266060	-5253460	-11926104	-9183129	-10229002	-6102549	-433450	-8629031	-3931677	-8817771	-11686042	-8234576	-10922774	-8625977	-5877377	-6657229	-2166225	-4831146	-4370768	-10375897	-3207750	-17920	10186615	25241171	32104422	84095697	-5613375	346245	-8339034	-4945221	-1508517	-6451068	-5657034	-9401295	-1858314	30122757	411417	-42014676	-83959854	-172151148	-5857164	6495144	6118572	91757040	174083436	174960084	419498544	1252168848	518834772	253756512	774705492
-2387797	-8239579	-5427698	-4096470	-842397	-4059307	-7315137	-6302512	-9998227	-5394150	-5728251	-4140679	-9415957	-7239399	-8081844	-4806535	-325699	-6821469	-3095036	-6966242	-9222333	-6496860	-8625977	-6818440	-4622259	-5260611	-1694483	-3808844	-3442101	-8196883	-2537023	-14034	8048883	19948665	25385399	66490938	-4432230	272712	-6598242	-3906216	-1187865	-5096562	-4464030	-7436529	-1450755	23785260	316992	-33178947	-66301806	-135954168	-4657452	5133252	4828332	72463644	137501892	138188988	331350600	989066124	409797936	200429136	611906508
-1658559	-5570290	-3673656	-2855616	-628221	-2781209	-4943086	-4325153	-6781504	-3769726	-3942227	-2853623	-6425067	-4982947	-5492728	-3325538	-287465	-4621475	-2147248	-4736215	-6309472	-4452393	-5877377	-4622259	-3225786	-3571661	-1219726	-2620759	-2384018	-5574808	-1714493	-10044	5468890	13537487	17175405	45005229	-3024129	189276	-4445988	-2659077	-824220	-3463983	-3055863	-5020320	-1054824	16223172	246897	-22615236	-45196656	-92641956	-3048192	3481848	3304200	49377264	93606336	94095204	225553536	673220664	279017064	136461780	416586780
-1844727	-6357459	-4187733	-3165521	-652859	-3133792	-5644215	-4865724	-7715323	-4168392	-4423412	-3197284	-7268538	-5590604	-6236897	-3712490	-254649	-5263299	-2391077	-5376177	-7119620	-5015775	-6657229	-5260611	-3571661	-4060002	-1310737	-2940959	-2658072	-6326108	-1957082	-10926	6210955	15392844	19585451	51299409	-3421542	210009	-5090601	-3014670	-917328	-3933720	-3446373	-5737290	-1123638	18358770	245856	-25610580	-51179268	-104942256	-3588444	3961632	3728028	55929384	106123008	106653396	255723276	763318764	316277316	154689228	472264128
-624011	-2033548	-1344149	-1078219	-255047	-1031336	-1803237	-1607199	-2484783	-1427640	-1468290	-1065630	-2370204	-1855825	-2017043	-1246422	-134376	-1692767	-806664	-1741290	-2334192	-1650456	-2166225	-1694483	-1219726	-1310737	-477542	-977191	-895109	-2048846	-626953	-3903	2009149	4964475	6277855	16461138	-1113822	73200	-1614549	-977697	-309342	-1269879	-1130592	-1828827	-413940	5985990	105753	-8335950	-16660068	-34134468	-1069476	1274640	1222332	18195960	34458132	34646760	83025156	247793328	102730824	50244084	153363456
-1350617	-4595406	-3029625	-2321400	-495770	-2280031	-4078406	-3543345	-5585152	-3060876	-3224373	-2333180	-5277037	-4075187	-4519094	-2713606	-211542	-3809677	-1749480	-3897527	-5174902	-3648745	-4831146	-3808844	-2620759	-2940959	-977191	-2144910	-1944167	-4585346	-1415367	-8132	4501036	11146686	14163707	37108782	-2482179	155529	-3671703	-2185449	-670821	-2848302	-2505171	-4143390	-839022	13328388	192237	-18585051	-37140636	-76142604	-2553444	2866992	2709780	40583964	76971384	77363988	185473236	553611456	229414536	112205520	342543384
-1227392	-4149898	-2736380	-2111142	-457560	-2065041	-3682800	-3210610	-5048014	-2785247	-2923772	-2116241	-4774896	-3695359	-4086392	-2463087	-201881	-3441688	-1589415	-3523728	-4686265	-3305591	-4370768	-3442101	-2384018	-2658072	-895109	-1944167	-1766232	-4146750	-1278057	-7325	4069703	10076565	12794075	33522717	-2246892	140703	-3314016	-1977186	-609813	-2576235	-2268945	-3740850	-770988	12060513	178686	-16813392	-33599826	-68878488	-2289540	2591184	2453016	36714852	69619080	69979248	167762808	500740308	207512244	101490768	309829860
-2878044	-9905301	-6524494	-4940187	-1021493	-4885851	-8794068	-7586675	-12023846	-6506432	-6898500	-4985737	-11330562	-8719070	-9721465	-5790964	-401776	-8200448	-3730258	-8377845	-11100594	-7821491	-10375897	-8196883	-5574808	-6326108	-2048846	-4585346	-4146750	-9860536	-3048146	-16984	9679706	23990463	30518156	79933449	-5335941	326115	-7932975	-4700487	-1432866	-6133248	-5374797	-8940444	-1760109	28614924	383925	-39916719	-79768386	-163561488	-5583120	6174708	5812740	87173100	165397260	166227504	398565276	1189685880	492938676	241090272	736050240
-886133	-3066131	-2020005	-1519699	-310882	-1508694	-2722089	-2342386	-3719060	-2000540	-2127782	-1538298	-3500506	-2688990	-3005455	-1784570	-118139	-2538377	-1148756	-2591277	-3427445	-2414180	-3207750	-2537023	-1714493	-1957082	-626953	-1415367	-1278057	-3048146	-944830	-5203	2993948	7420539	9445813	24741357	-1647057	101937	-2454999	-1452129	-440670	-1894353	-1658628	-2766984	-534969	8845170	117039	-12338964	-24656538	-50560692	-1738044	1908984	1794264	26947488	51138600	51392784	123230748	367841988	152407260	74542572	227574792
-5121	-16896	-11223	-8916	-2123	-8537	-14963	-13357	-20608	-11788	-12139	-8822	-19727	-15377	-16674	-10344	-1146	-14097	-6642	-14477	-19315	-13665	-17920	-14034	-10044	-10926	-3903	-8132	-7325	-16984	-5203	-60	16610	40971	51926	136188	-9165	651	-13338	-8037	-2469	-10395	-9354	-15120	-3312	49656	873	-69492	-139128	-284940	-8880	10560	10188	150924	285804	286980	686280	2048256	850932	416664	1271700
2823824	9725597	6406725	4846380	1001196	4795826	8634253	7447088	11804338	6382639	6770063	4893638	11121881	8556423	9543345	5682642	392391	8052293	3659980	8225421	10895296	7676607	10186615	8048883	5468890	6210955	2009149	4501036	4069703	9679706	2993948	16610	-9503740	-23553734	-29965338	-78487410	5236407	-321483	7787751	4613778	1405605	6019203	5274735	8777658	1723104	-28091853	-377127	39185310	78305304	160563324	5485416	-6061140	-5704704	-85578972	-162376920	-163191456	-391292940	-1167983460	-483938820	-236689524	-722609100
6990830	24110078	15880250	11997211	2468056	11880475	21405631	18447208	29259598	15797760	16768740	12118356	27559387	21194006	23653452	14070468	956726	19957584	9061632	20383514	26995374	19019498	25241171	19948665	13537487	15392844	4964475	11146686	10076565	23990463	7420539	40971	-23553734	-58382878	-74282260	-194555424	12979722	-792537	19313727	11436486	3482625	14922138	13070775	21764274	4260717	-69607149	-924306	97100730	194039388	397881516	13621812	-15025464	-14134812	-212064228	-402386616	-404402376	-969671748	-2894409540	-1199242944	-586534968	-1790700156
8874406	30689304	20211314	15222913	3109268	15102625	27248137	23444910	37231254	20040363	21306367	15395750	35047453	26928163	30091638	17868941	1181147	25398747	11504398	25931922	34320341	24175217	32104422	25385399	17175405	19585451	6277855	14163707	12794075	30518156	9445813	51926	-29965338	-74282260	-94543224	-247613505	16504563	-1007169	24590865	14545782	4419609	18983112	16615500	27706374	5380842	-88522182	-1159806	123495540	246783216	506052528	17393520	-19118832	-17970300	-269718828	-511833912	-514385028	-1233422436	-3681715716	-1525404276	-746058924	-2277743112
7750939	26791783	17645560	13296116	2720037	13187907	23787071	20473282	32504204	17504766	18605899	13445737	30600927	23514898	26271677	15606068	1037584	22175093	10047664	22641675	29967027	21109199	28031899	22163646	15001743	17099803	5487046	12369594	11174239	26644483	8247119	45396	-26162470	-64851808	-82537835	-216175470	14408659	-881350	21464308	12698727	3859031	16571415	14507227	24185787	4701156	-77293418	-1017051	107827427	215473126	441845288	15175424	-16690476	-15690532	-235499744	-446891260	-449119872	-1076922024	-3214567728	-1331861364	-651400380	-1988738064
-520027	-1785478	-1175898	-893134	-185372	-881629	-1585308	-1369107	-2168237	-1176499	-1245558	-899856	-2044198	-1574422	-1753535	-1045843	-73853	-1477925	-673972	-1510470	-2003395	-1411933	-1871125	-1477410	-1008043	-1140514	-371274	-827393	-748964	-1778647	-549019	-3055	1745469	4326574	5501521	14408659	-963686	58145	-1430659	-848459	-259479	-1107171	-970498	-1612068	-320485	5161324	69227	-7200107	-14388756	-29502576	-1004036	1113888	1049272	15723064	29829216	29979992	71881216	214557012	88902612	43480260	132747876
32476	108730	72209	55761	12885	54635	96313	85057	132243	73811	77116	56328	125540	97289	107075	65414	6365	90884	41997	93036	123085	86847	115415	90904	63092	70003	24400	51843	46901	108705	33979	217	-107161	-264179	-335723	-881350	58145	-4674	85603	51459	15745	66509	59248	97427	19705	-318348	-5849	442962	884976	1813776	58612	-67420	-64412	-967612	-1834132	-1843452	-4418956	-13190784	-5467356	-2674944	-8162316
-766175	-2661299	-1751692	-1313763	-264336	-1306565	-2363396	-2027467	-3227275	-1728642	-1842430	-1330205	-3034914	-2328737	-2607768	-1543453	-96386	-2200800	-993523	-2245961	-2970951	-2092189	-2779678	-2199414	-1481996	-1696867	-538183	-1223901	-1104672	-2644325	-818333	-4446	2595917	6437909	8196955	21464308	-1430659	85603	-2135466	-1260828	-382274	-1646646	-1438800	-2404178	-462672	7663593	96570	-10693996	-21370204	-43824392	-1516908	1658020	1555880	23356016	44328152	44547832	106823436	318864696	132106032	64610592	197266356
-457414	-1573567	-1036432	-785361	-162339	-776288	-1397103	-1205528	-1910405	-1034403	-1096309	-792109	-1800353	-1385707	-1544784	-920246	-63933	-1302524	-592858	-1330809	-1764025	-1243110	-1648407	-1302072	-886359	-1004890	-325899	-728483	-659062	-1566829	-484043	-2679	1537926	3812162	4848594	12698727	-848459	51459	-1260828	-747380	-228222	-975112	-854449	-1420757	-280663	4546282	60632	-6342044	-12673618	-25986648	-886648	981340	923876	13850168	26277744	26410152	63324220	189016812	78317472	38303592	116942472
-141213	-477718	-314889	-243170	-52402	-237707	-424015	-369604	-581246	-320830	-336614	-243351	-549833	-425541	-470725	-283457	-23018	-395892	-182883	-405380	-539712	-380900	-502839	-395955	-274740	-305776	-103114	-223607	-203271	-477622	-146890	-823	468535	1160875	1473203	3859031	-259479	15745	-382274	-228222	-70866	-297269	-261746	-431270	-89604	1388058	19932	-1935399	-3867684	-7928724	-263820	298636	282752	4226084	8013052	8054952	19310912	57638352	23885280	11681376	35662644
-596240	-2053918	-1352241	-1023208	-210239	-1012374	-1823849	-1571461	-2493183	-1347384	-1429538	-1032495	-2348593	-1806861	-2015832	-1199412	-81496	-1699482	-772844	-1736231	-2301027	-1621103	-2150356	-1698854	-1154661	-1311240	-423293	-949434	-858745	-2044416	-631451	-3465	2006401	4974046	6327704	16571415	-1107171	66509	-1646646	-975112	-297269	-1273196	-1114472	-1854785	-365157	5929859	78008	-8272907	-16532268	-33899416	-1159940	1280984	1205084	18067440	34281376	34453892	82612340	246590388	102170088	49968492	152559036
-525219	-1797294	-1184073	-902434	-189275	-889017	-1595508	-1381047	-2183307	-1189181	-1256519	-908244	-2060103	-1588267	-1766058	-1055935	-77440	-1488475	-680584	-1521836	-2019452	-1423535	-1885678	-1488010	-1018621	-1148791	-376864	-835057	-756315	-1791599	-552876	-3118	1758245	4356925	5538500	14507227	-970498	59248	-1438800	-854449	-261746	-1114472	-978162	-1622013	-324900	5201695	71572	-7255340	-14499238	-29727652	-1006240	1121384	1057624	15843644	30054492	30206908	72422892	216172872	89575248	43809768	133750548
-864882	-2998137	-1973989	-1483259	-300510	-1473633	-2662262	-2287025	-3636412	-1952191	-2078317	-1501106	-3421337	-2626745	-2938774	-1742035	-111767	-2480305	-1121327	-2531732	-3349687	-2359213	-3133765	-2478843	-1673440	-1912430	-609609	-1381130	-1246950	-2980148	-922328	-5040	2925886	7254758	9235458	24185787	-1612068	97427	-2404178	-1420757	-431270	-1854785	-1622013	-2707804	-523255	8640284	110868	-12055492	-24090806	-49402176	-1704404	1867796	1754204	26329792	49968692	50217008	120416048	359437632	148918044	72833640	222368328
-179554	-581025	-383475	-310766	-73773	-295416	-515441	-460354	-710915	-411551	-421574	-305313	-679039	-533100	-577583	-357931	-39417	-482996	-232129	-497545	-669494	-473616	-619438	-483585	-351608	-374546	-137980	-279674	-256996	-586703	-178323	-1104	574368	1420239	1793614	4701156	-320485	19705	-462672	-280663	-89604	-365157	-324900	-523255	-122008	1712475	29709	-2385532	-4768230	-9768680	-303640	365428	350816	5206164	9856356	9911396	23748872	70876332	29385924	14370648	43869240
2790691	9576264	6309701	4791622	999767	4730729	8501131	7347649	11627894	6312572	6682048	4831306	10964656	8445283	9402906	5612969	402245	7931320	3616489	8105701	10744710	7572015	10040919	7928420	5407724	6119590	1995330	4442796	4020171	9538308	2948390	16552	-9363951	-23202383	-29507394	-77293418	5161324	-318348	7663593	4546282	1388058	5929859	5201695	8640284	1712475	-27694802	-379647	38628782	77194528	158276908	5377692	-5970216	-5626100	-84356296	-160037196	-160843740	-385640784	-1151103036	-476972724	-233283432	-712200600
41762	124859	83229	72581	20721	66327	110321	103961	153956	96853	95399	70114	149885	120449	125618	82557	14008	105360	53737	109526	148643	105519	137139	105664	82299	81952	35251	64079	59562	127975	39013	291	-125709	-308102	-386602	-1017051	69227	-5849	96570	60632	19932	78008	71572	110868	29709	-379647	-10178	526439	1052114	2152928	57336	-78440	-77620	-1149112	-2169868	-2183044	-5227004	-15598704	-6472476	-3166116	-9657864
-3890547	-13360423	-8802589	-6679874	-1390657	-6597564	-11860858	-10246681	-16221553	-8799388	-9318192	-6736448	-15294147	-11777285	-13116848	-7826092	-556504	-11064193	-5042133	-11306606	-14986064	-10560549	-14004892	-11059649	-7538412	-8536860	-2778650	-6195017	-5604464	-13305573	-4112988	-23164	13061770	32366910	41165180	107827427	-7200107	442962	-10693996	-6342044	-1935399	-8272907	-7255340	-12055492	-2385532	38628782	526439	-53883606	-107680404	-220785536	-7509540	8329376	7847624	117664136	223232512	224354920	537910292	1605614844	665311488	325399740	993431916
-3887546	-13349314	-8795252	-6674922	-1389841	-6592282	-11850986	-10238522	-16208189	-8792879	-9310878	-6731100	-15281961	-11768124	-13106065	-7820099	-556475	-11054982	-5038260	-11297329	-14974101	-10552171	-13993309	-11050301	-7532776	-8529878	-2776678	-6190106	-5599971	-13294731	-4109423	-23188	13050884	32339898	41130536	107736563	-7194378	442488	-10685102	-6336809	-1933842	-8266134	-7249619	-12045403	-2384115	38597264	526057	-53840202	-107594221	-220608374	-7502672	8322582	7841498	117568050	223049552	224170662	537465848	1604287554	664764642	325132758	992617308
-3984495	-13687131	-9017634	-6841062	-1423064	-6757894	-12150964	-10495501	-16617662	-9011432	-9544245	-6899645	-15666737	-12063060	-13436840	-8015496	-568319	-11334366	-5163981	-11582298	-15350656	-10817299	-14345929	-11329514	-7720163	-8745188	-2844539	-6345217	-5739874	-13630124	-4213391	-23745	13380277	33156793	42171044	110461322	-7375644	453444	-10956098	-6496662	-1982181	-8474854	-7431913	-12350544	-2442170	39569227	538232	-55196384	-110304187	-226166062	-7695853	8532864	8038620	120530392	228672562	229821417	551017018	1644737961	681522228	333328662	1017640314
-131956	-470988	-309606	-225460	-41928	-228179	-418467	-353491	-569328	-295844	-320351	-230911	-532235	-404870	-459138	-266881	-11491	-388614	-171334	-395240	-519677	-365348	-488097	-388121	-254016	-299037	-89123	-212787	-190795	-465260	-144837	-740	457118	1135151	1449460	3793856	-251009	14653	-379227	-221662	-65955	-289985	-251560	-426101	-75910	1344423	14334	-1877385	-3751336	-7695853	-276758	292520	272088	4101315	7791295	7828193	18777035	56052519	23216052	11354742	34670511
149866	517186	340557	257165	52713	254721	459213	395453	627619	338583	359550	259742	591066	454457	507347	301618	20268	427984	194276	437118	578930	407837	541262	427771	290154	330136	106220	238916	215932	514559	159082	880	-505095	-1252122	-1593236	-4172619	278472	-16855	414505	245335	74659	320246	280346	466949	91357	-1492554	-19610	2082344	4161291	8532864	292520	-322400	-303186	-4547608	-8629166	-8672313	-20794171	-62069196	-25717311	-12577926	-38401263
141998	485983	320205	243925	51153	240402	431435	373379	590319	321442	339727	245581	557040	429391	477501	285529	20933	402515	183999	411540	545978	384827	509881	402361	275350	310669	101861	225815	204418	484395	149522	849	-475392	-1177901	-1497525	-3922633	262318	-16103	388970	230969	70688	301271	264406	438551	87704	-1406525	-19405	1961906	3920749	8038620	272088	-303186	-286014	-4284089	-8126703	-8167817	-19582410	-58451055	-24220797	-11846103	-36165789
2123805	7294755	4805984	3646097	758579	3601912	6475943	5593838	8856644	4803008	5086902	3677553	8349749	6429206	7161536	4272181	303058	6040991	2752365	6173131	8181541	5765307	7646420	6038637	4114772	4660782	1516330	3381997	3059571	7264425	2245624	12577	-7131581	-17672019	-22476569	-58874936	3930766	-241903	5839004	3462542	1056521	4516860	3960911	6582448	1301541	-21089074	-287278	29416034	58784025	120530392	4101315	-4547608	-4284089	-64239306	-121876021	-122489399	-293686297	-876628551	-363235431	-177655020	-542373552
4026832	13843352	9119940	6912339	1434798	6832379	12289688	10610216	16805583	9104825	9647875	6974520	15840599	12193661	13588194	8101193	569621	11463179	5218819	11712610	15520220	10936040	14506953	11458491	7800528	8843584	2871511	6414282	5801590	13783105	4261550	23817	-13531410	-33532218	-42652826	-111722815	7457304	-458533	11082038	6569436	2003263	8570344	7513623	12492173	2464089	-40009299	-542467	55808128	111524776	228672562	7791295	-8629166	-8126703	-121876021	-231232704	-232394812	-557206107	-1663216314	-689155320	-337059444	-1029031488
4047735	13912173	9165301	6948323	1442997	6867075	12350769	10664145	16889588	9152431	9697191	7010231	15920412	12255958	13656394	8142890	573654	11520317	5245835	11771326	15598846	10991573	14580007	11515749	7841267	8887783	2887230	6446999	5831604	13852292	4282732	23915	-13599288	-33700198	-42865419	-112279968	7494998	-460863	11136958	6602538	2013738	8613473	7551727	12554252	2477849	-40210935	-545761	56088730	112085331	229821417	7828193	-8672313	-8167817	-122489399	-232394812	-233563594	-560008813	-1671581292	-692620884	-338753817	-1034203968
9703252	33359257	21976446	16655680	3456368	16464049	29615300	25566990	40497354	21938712	23248157	16806215	38170875	29382363	32744496	19520743	1371293	27623361	12575351	28224163	37399290	26352591	34958212	27612550	18796128	21310273	6918763	15456103	13980234	33213773	10269229	57190	-32607745	-80805979	-102785203	-269230506	17970304	-1104739	26705859	15831055	4827728	20653085	18105723	30104012	5937218	-96410196	-1306751	134477573	268732924	551017018	18777035	-20794171	-19582410	-293686297	-557206107	-560008813	-1342732392	-4007951118	-1660678686	-812218986	-2479679289
9654049	33192061	21866284	16571058	3438337	16381062	29466876	25438046	40294059	21827127	23130718	16721325	37978757	29233910	32579954	19421923	1363601	27484848	12511611	28082408	37210826	26219684	34782468	27474059	18700574	21203299	6883148	15378096	13909453	33046830	10217833	56896	-32443985	-80400265	-102269881	-267880644	17879751	-1099232	26572058	15751401	4803196	20549199	18014406	29953136	5906361	-95925253	-1299892	133801237	267381259	548245987	18684173	-20689732	-19483685	-292209517	-554405438	-557193764	-1335983706	-3987807622	-1652331205	-808136448	-2467215360
4000909	13752148	9059904	6867887	1426108	6787882	12208696	10541168	16695166	9046430	9585232	6929318	15736923	12114445	13499114	8048789	566718	11387804	5185163	11635809	15418953	10864783	14412077	11383276	7750474	8785481	2853634	6372626	5764229	13692741	4233535	23637	-13442745	-33312304	-42372341	-110988447	7408551	-455613	11008836	6526456	1990440	8514174	7464604	12409837	2448827	-39747727	-539373	55442624	110794107	227174076	7738684	-8572437	-8073599	-121078477	-229718440	-230873628	-553559562	-1652331205	-684644190	-334852615	-1022293518
1956755	6726049	4431182	3358966	697517	3319871	5971138	5155619	8165416	4424447	4687990	3389061	7696768	5925001	6602225	3936562	277208	5569724	2535959	5690989	7541185	5313822	7048792	5567476	3790605	4296923	1395669	3116820	2819188	6696952	2070627	11574	-6574709	-16292638	-20723859	-54283365	3623355	-222912	5384216	3191966	973448	4164041	3650814	6069470	1197554	-19440286	-263843	27116645	54188793	111109554	3784914	-4192642	-3948701	-59218340	-112353148	-112917939	-270739662	-808136448	-334852615	-163773372	-499994154
1991194	6844980	4509465	3418061	709571	3378421	6076756	5246486	8309747	4502245	4770640	3448734	7832664	6029471	6718904	4005873	281792	5668099	2580606	5791463	7674297	5407590	7173199	5665801	3857285	4372816	1420032	3171698	2868795	6815280	2107174	11775	-6690825	-16580557	-21090214	-55242724	3687441	-226731	5479621	3248402	990629	4237751	3715293	6176898	1218590	-19783350	-268274	27595331	55145406	113071146	3852279	-4266807	-4018421	-60263728	-114336832	-114911552	-275519921	-822405120	-340764506	-166664718	-508821902