-20662	-21870	-28231	-5192	-18142	-11186	-15815	-14733	-10564	-8468	-10042	-2499	-6350	-20350	-10005	-15504	-4701	-26369	-18457	-754	-15286	-14376	-8204	-3864	-19256	-14775	54	-12977	-2430	-18120	-9994	-21943	-4378	-9762	-19970	-5139	-1507	-8051	-11633	-13610	-15012	-18042	-12818	-18279	-9748	-7214	-20461	-27265	-17311	-10780	-18179	-13958	-14553	-15344	-13426	-25494	-5530	-11501	-15043	-10437	-6468	-18333	-15463	-10962	-23576	-15484	-20069	-10724	-7560	-19530	-13132	-11445	-19852	-728	-15904	-6713	-19999	-20342	-20916	-12145	-15792	-17549	-518	-16359	-13013	-11564	-11221	-1960	-2303	-6664
-21870	-28014	-28153	-9956	-17988	-15780	-19357	-19895	-12257	-11930	-17586	-9156	-9024	-25654	-16671	-19284	-8546	-28652	-21183	-9537	-14291	-25330	-8071	-5187	-21997	-20867	-649	-7808	-14368	-22892	-15084	-27738	-8985	-11580	-27644	-12336	-4860	-10729	-11099	-14422	-18292	-22951	-18914	-28226	-5420	-10217	-21686	-30499	-16436	-11032	-17661	-15043	-15281	-14399	-20181	-26831	-2499	-9835	-15645	-8911	-12516	-18368	-13818	-12922	-27013	-16926	-23051	-11382	-5474	-23457	-11207	-10710	-18137	-8967	-16604	-5222	-23667	-23520	-23681	-14021	-17549	-18984	-5173	-16492	-13370	-14945	-13475	1764	-2156	-6125
-28231	-28153	-56236	6378	-33566	-4071	-19807	-14952	-7268	-1993	641	19232	-3636	-30640	2569	-20656	6101	-48186	-25596	24073	-24745	-4049	-6961	-4861	-25396	-12530	10159	-29913	24954	-21758	-7738	-29152	6606	-11930	-21832	8615	11022	-3328	-13297	-17299	-11253	-26849	-9685	-9263	-21803	-6078	-37947	-43309	-35490	-24360	-32837	-26579	-24878	-35630	-5173	-45087	-13153	-21847	-26782	-23961	4228	-34041	-28161	-20118	-37667	-27811	-36477	-20643	-13139	-30702	-26789	-20097	-37100	15855	-27531	-14203	-35588	-33201	-39284	-19901	-29624	-32739	19075	-29904	-20013	-17885	-22932	-10486	343	-6762
-5192	-9956	6378	-37316	5601	-16501	-9385	-32041	-31568	-28843	-38098	-34144	-22695	8709	-39771	-19462	-27009	9490	-3534	-40810	-4522	-33241	-15934	-7375	-6375	-15300	-37619	8166	-44615	55	-34183	-8472	-32340	2887	-11005	-42999	-40591	-19099	-14458	-1558	-22912	-17160	-17345	-42239	2945	-36066	10948	19201	11158	1211	9450	6503	9289	2919	-34496	13867	1351	6734	10465	4438	-40439	10129	3920	7623	18291	12390	14224	2793	3563	17241	3710	7679	6489	-38437	8904	1806	15512	15197	11669	8120	8288	11550	-41643	8113	7525	12299	3038	-6027	5635	3185
-18142	-17988	-33566	5601	-22178	-4390	-12768	-7182	-1490	-582	2036	10940	-290	-22004	3272	-10814	4550	-30757	-17091	14313	-14686	-2469	-3788	-3024	-16580	-9472	10264	-17685	14401	-17128	-1167	-18798	6199	-9712	-15718	7523	10093	-1887	-6976	-12595	-6985	-14991	-6385	-4319	-12776	1391	-24045	-30324	-21525	-13125	-20531	-16345	-16961	-18893	-1155	-29043	-6580	-13384	-17794	-13447	5663	-21644	-16723	-13132	-26628	-18249	-23989	-11893	-8001	-22526	-15288	-13433	-22113	11725	-18263	-7700	-24052	-23786	-24703	-13587	-18599	-21105	14028	-18438	-14056	-14210	-13034	-2891	-1323	-6174
-11186	-15780	-4071	-16501	-4390	-18492	-11608	-18152	-12201	-15304	-24489	-22939	-8833	-11033	-24034	-11531	-13266	-7630	-13037	-25401	-3858	-24926	-7661	-4791	-14199	-17390	-10609	4302	-30937	-13774	-13419	-15455	-14174	-7331	-18958	-19879	-14863	-12041	-8319	-10345	-18378	-13745	-16477	-28409	3758	-9766	-4830	-9142	-1162	2639	-2884	-2450	-6286	2856	-21035	-5859	2436	-854	-4354	119	-19740	-1904	245	-1736	-7259	-2849	-3955	-770	-469	-6937	2310	-3738	-1281	-20181	-4067	896	-5985	-8666	-5313	-3696	-2436	-4417	-17136	-903	-2842	-8526	539	4459	-1225	-3185
-15815	-19357	-19807	-9385	-12768	-11608	-14948	-14682	-10027	-9976	-13163	-7273	-7676	-17133	-12529	-14214	-7669	-19098	-15143	-7454	-10737	-18543	-6489	-4178	-14807	-14828	-2364	-5408	-10899	-16317	-11358	-19503	-7869	-8983	-19919	-10449	-5056	-8307	-7747	-10100	-13950	-16706	-13407	-21530	-5024	-8757	-13615	-19691	-9786	-7812	-11284	-9681	-8995	-9289	-14168	-17199	-1022	-5642	-9177	-5026	-9345	-11851	-9611	-8799	-17556	-10297	-14994	-8071	-2674	-15134	-7483	-6230	-12026	-6699	-10843	-3241	-14840	-15372	-15036	-9107	-11865	-11795	-4879	-10682	-9457	-9114	-9457	1617	-637	-4753
-14733	-19895	-14952	-32041	-7182	-18152	-14682	-39768	-33135	-29236	-39861	-27151	-21899	-2705	-40032	-25161	-22132	-11099	-13956	-32569	-11572	-33943	-18154	-9537	-17722	-19942	-32911	-2616	-36461	-7544	-36770	-18501	-26820	28	-17966	-39194	-36501	-19770	-20181	-9382	-27044	-28038	-21529	-45080	-1898	-36901	-5992	2366	-5579	-6293	-3647	-4725	-4123	-11571	-38080	-4949	-5173	-3535	-3129	-7889	-41566	-3101	-5089	1036	4816	917	-105	-3920	-3178	5852	-5978	-3437	-8064	-34650	-2345	-4200	70	1190	-5369	742	-2177	-2954	-33383	-2373	2205	2401	-3724	-12495	6076	2352
-10564	-12257	-7268	-31568	-1490	-12201	-10027	-33135	-34496	-26878	-32478	-23884	-22267	6944	-34917	-21979	-22656	-806	-6125	-28242	-11795	-26467	-18544	-6745	-10291	-12955	-35925	-3481	-28702	532	-35197	-10497	-27616	4407	-8605	-36698	-37012	-18041	-19965	-3749	-22695	-20087	-15161	-37431	-4772	-38129	1652	11326	-35	-6139	14	-63	3500	-9541	-34076	2639	-6279	-1428	3227	-4291	-37527	784	-5796	4550	12215	5789	7035	-2247	-3171	13580	-6769	1435	-5971	-29862	2478	-4116	9401	11039	3591	4746	2275	4382	-36001	-693	3402	12495	-1960	-14406	4998	2107
-8468	-11930	-1993	-28843	-582	-15304	-9976	-29236	-26878	-25192	-31797	-26683	-17929	3011	-32897	-17031	-20910	-285	-7177	-31635	-6409	-28134	-14906	-6686	-9937	-15026	-28711	3152	-34666	-4181	-28512	-10659	-24024	775	-12109	-34135	-31866	-16490	-14546	-5285	-21205	-17331	-15962	-36286	885	-28830	2597	8470	3171	-777	2870	1330	1904	-1743	-30450	3836	-1218	1540	3024	-448	-34006	3164	-511	4025	9303	5999	6181	238	-133	9352	-728	1288	-357	-30240	2457	-427	6818	6447	3780	3640	3248	4277	-32095	2765	3388	5978	784	-6713	4165	931
-10042	-17586	641	-38098	2036	-24489	-13163	-39861	-32478	-31797	-50616	-41930	-23006	-339	-49963	-22637	-27512	236	-12644	-49197	-4088	-41927	-16090	-9734	-16174	-22523	-38019	8943	-56706	-6331	-36566	-16172	-33322	-945	-19621	-47140	-43011	-22505	-17311	-8604	-30497	-25183	-25477	-52479	7614	-36102	3010	10472	4123	3773	4865	2240	-14	1694	-42588	6090	742	2828	2590	-665	-48412	7343	5747	5887	11879	7098	8505	2156	1421	10661	5418	777	4011	-46704	4536	763	6797	6097	2947	4627	5481	3710	-42630	7063	7826	1225	4165	-5586	5047	4165
-2499	-9156	19232	-34144	10940	-22939	-7273	-27151	-23884	-26683	-41930	-45038	-17590	4295	-42897	-12282	-26706	13775	-5215	-51713	3358	-37775	-11812	-6086	-7685	-18742	-31284	18117	-59201	-4244	-26049	-7619	-30279	-470	-14524	-41853	-36922	-19219	-10337	-4256	-24423	-11671	-20910	-43388	13788	-24327	13153	15267	15155	12152	12670	9569	6412	15834	-35266	16191	6622	9079	9107	9471	-40075	14847	12334	9268	15029	12096	15330	8071	5061	12292	13160	6055	14301	-43302	9919	6111	13412	10773	13629	7280	12285	12047	-42546	13370	8785	3528	10339	4018	833	1862
-6350	-9024	-3636	-22695	-290	-8833	-7676	-21899	-22267	-17929	-23006	-17590	-16288	2821	-24177	-15856	-16451	628	-4343	-20792	-7326	-20273	-11298	-5200	-6201	-9853	-24135	-720	-22267	-563	-23879	-8071	-20323	1640	-7889	-26168	-24869	-12668	-11545	-1630	-15344	-14196	-11511	-26792	-2495	-25950	2709	8232	2100	-3822	1512	791	4186	-4676	-22260	3612	-2072	1008	3892	-875	-24577	2044	-2065	2548	8022	4326	4872	-1295	63	8442	-2576	3101	-1470	-21147	2912	-1666	6461	7686	3143	3269	1610	3808	-24213	595	2618	8085	-1813	-7056	3528	2058
-20350	-25654	-30640	8709	-22004	-11033	-17133	-2705	6944	3011	-339	4295	2821	-36880	2481	-9520	4396	-34975	-23002	7608	-10900	-12821	2072	-2494	-20638	-17007	22040	-9520	2363	-28227	5131	-26833	7181	-17610	-28128	9305	18663	-2156	-1258	-15927	-8754	-15108	-13610	-9526	-4894	12087	-27755	-44989	-21098	-9184	-22379	-18417	-21000	-11697	-1589	-34783	301	-11795	-21609	-8729	10108	-23226	-13230	-18634	-41167	-24948	-32949	-12201	-5103	-37681	-9625	-14581	-19005	9891	-21987	-4172	-35126	-35868	-31262	-20174	-22862	-26383	17969	-19936	-18613	-26509	-14700	11123	-6419	-8771
-10005	-16671	2569	-39771	3272	-24034	-12529	-40032	-34917	-32897	-49963	-42897	-24177	2481	-50722	-22942	-29154	2786	-10904	-50080	-5128	-41634	-17841	-9136	-15177	-21988	-40447	8465	-56561	-4941	-38207	-14942	-35027	582	-17823	-48530	-45302	-23223	-18906	-7568	-30776	-23936	-24806	-52650	6606	-38092	4809	12453	5516	3381	5390	3283	1792	1792	-44163	7616	-63	2912	3983	154	-49588	7721	4459	6965	13650	8302	10528	2408	686	12775	4298	1806	3689	-47012	5439	441	9471	8848	5488	5614	6657	5796	-45997	6923	7644	4606	4508	-6713	4410	3479
-15504	-19284	-20656	-19462	-10814	-11531	-14214	-25161	-21979	-17031	-22637	-12282	-15856	-9520	-22942	-22302	-13698	-14898	-13137	-14062	-13945	-22409	-11926	-6352	-15058	-15100	-17897	-8450	-16001	-9226	-24347	-18689	-17580	-3386	-16765	-21776	-18904	-13100	-14324	-7781	-18383	-22195	-15158	-29298	-7991	-24642	-10129	-8204	-8897	-10633	-9261	-7868	-4767	-14210	-22911	-11550	-4844	-5593	-5306	-7595	-21616	-9156	-10080	-4830	-6741	-5733	-7896	-7686	-3535	-4088	-9464	-3367	-12222	-16079	-6538	-5166	-6790	-5341	-10759	-4242	-8582	-7805	-16667	-9058	-4571	-392	-9016	-7448	2695	-637
-4701	-8546	6101	-27009	4550	-13266	-7669	-22132	-22656	-20910	-27512	-26706	-16451	4396	-29154	-13698	-20862	6818	-3239	-31344	-3485	-26407	-11624	-4834	-5182	-12504	-25837	7165	-34578	-2101	-24140	-7335	-24010	861	-9884	-31425	-28588	-14532	-10505	-1587	-17563	-11602	-13911	-32043	3097	-24715	7826	10976	8659	1526	6279	4634	6636	3647	-26257	8967	1890	4949	7189	4669	-28777	6902	2387	4781	10388	7833	8960	1918	2450	9793	2772	5509	4613	-27972	5719	1743	9940	9492	8309	4662	5544	8239	-31290	4991	3780	8085	1911	-1813	2205	833
-26369	-28652	-48186	9490	-30757	-7630	-19098	-11099	-806	-285	236	13775	628	-34975	2786	-14898	6818	-47376	-26312	17887	-18993	-8291	-3810	-3879	-25667	-15329	17531	-21799	15913	-26754	-2054	-29506	9499	-14623	-25592	9829	15448	-2595	-9225	-18711	-10661	-22910	-12200	-9867	-13599	3178	-37422	-48195	-32865	-18242	-30709	-25494	-27167	-27489	-5243	-45101	-8680	-19873	-28315	-19936	5796	-32053	-23310	-20524	-42105	-28917	-38255	-17878	-11599	-36414	-21329	-21231	-32277	13461	-27951	-10885	-39186	-37982	-39326	-21770	-28336	-32991	19978	-27433	-20363	-24402	-20090	-2401	-2793	-8232
-18457	-21183	-25596	-3534	-17091	-13037	-15143	-13956	-6125	-7177	-12644	-5215	-4343	-23002	-10904	-13137	-3239	-26312	-20464	-3585	-11309	-15884	-5093	-4522	-19660	-15692	2628	-9279	-7654	-19342	-6570	-21768	-2555	-11511	-21851	-4630	409	-7508	-8312	-14554	-15261	-18235	-14411	-18839	-5304	-3200	-20202	-27636	-16576	-6734	-16457	-13363	-16009	-11396	-12005	-24297	-2975	-10010	-15540	-9688	-6328	-15799	-10416	-10654	-23723	-15386	-20090	-8848	-5467	-21028	-8386	-12068	-15925	-2912	-15218	-4963	-21686	-22638	-21553	-12075	-14721	-18256	1995	-13153	-10885	-16562	-8820	1323	-2009	-5194
-754	-9537	24073	-40810	14313	-25401	-7454	-32569	-28242	-31635	-49197	-51713	-20792	7608	-50080	-14062	-31344	17887	-3585	-61202	5473	-44156	-13520	-7326	-7144	-21021	-37743	23127	-69693	-3205	-32182	-7605	-35905	1214	-15482	-50419	-44724	-21889	-11318	-3091	-26615	-13400	-23472	-50477	17273	-30065	17178	21742	19376	13720	17094	12229	9121	18424	-41265	21525	8211	12089	12327	11627	-48125	18942	15610	11704	20867	16079	19740	10003	6944	17234	16037	8687	18620	-52395	13335	7847	17731	15211	17500	9870	15526	15925	-50582	17108	12082	6076	11956	3724	2499	3626
-15286	-14291	-24745	-4522	-14686	-3858	-10737	-11572	-11795	-6409	-4088	3358	-7326	-10900	-5128	-13945	-3485	-18993	-11309	5473	-15650	-6047	-8284	-2791	-12265	-7710	-3962	-15717	7001	-9037	-10540	-14215	-4157	-4099	-10336	-3446	-3044	-5818	-11112	-7668	-9900	-13966	-6369	-10543	-13178	-11017	-14588	-16422	-14189	-12551	-14693	-10689	-8092	-17052	-8939	-18389	-7546	-9989	-9716	-10031	-4123	-14952	-15414	-7525	-14189	-10675	-13405	-9541	-7133	-10311	-14553	-7259	-18228	3129	-11172	-7511	-11655	-10479	-14056	-7469	-12089	-11823	-833	-14350	-9688	-2254	-10437	-7252	-441	-4214
-14376	-25330	-4049	-33241	-2469	-24926	-18543	-33943	-26467	-28134	-41927	-37775	-20273	-12821	-41634	-22409	-26407	-8291	-15884	-44156	-6047	-47674	-13341	-7902	-17283	-27033	-23511	11042	-53506	-17421	-32004	-23824	-29326	-6754	-29341	-41649	-31196	-20746	-12951	-9562	-28255	-24657	-28143	-52702	7916	-27806	-3276	-6930	2128	-686	-406	-2954	-2380	756	-40236	-4368	4662	2513	-1337	2667	-38976	-350	98	-2667	-5593	-1225	-4690	-2548	2429	-5733	1743	14	-406	-39599	-2604	1799	-5453	-5824	-5299	-3647	-3171	-2044	-35812	-931	-1785	-4753	-4557	4410	882	-1323
-8204	-8071	-6961	-15934	-3788	-7661	-6489	-18154	-18544	-14906	-16090	-11812	-11298	2072	-17841	-11926	-11624	-3810	-5093	-13520	-8284	-13341	-11630	-3795	-7747	-8051	-17908	-4500	-13230	-2309	-18107	-7125	-13328	1147	-5734	-18064	-18629	-9981	-12342	-4252	-13125	-11227	-8229	-19454	-4465	-18894	-1743	2352	-2310	-3997	-2443	-1533	-721	-6405	-18172	-2030	-4494	-2807	-707	-3738	-18963	-2254	-5516	1533	3563	1302	1673	-2044	-3507	4823	-5754	-1519	-6013	-13685	-1085	-3192	2814	3045	-28	1141	-224	308	-17976	-2450	-301	5243	-1372	-8183	1911	-735
-3864	-5187	-4861	-7375	-3024	-4791	-4178	-9537	-6745	-6686	-9734	-6086	-5200	-2494	-9136	-6352	-4834	-3879	-4522	-7326	-2791	-7902	-3795	-3328	-4880	-5370	-7115	-1328	-8618	-3055	-7841	-5227	-5949	-1467	-5493	-8763	-7610	-4858	-4166	-3115	-6603	-7472	-5600	-10315	-981	-7851	-1806	70	-1617	-1225	-847	-1274	-1477	-2408	-7252	-1302	-630	-637	-1008	-2030	-8456	-700	-357	-189	588	-77	-553	-826	-98	602	-567	-917	-1302	-7399	-679	-686	-819	-805	-1988	-77	-868	-1400	-5733	-140	616	-931	-735	-2156	1862	833
-19256	-21997	-25396	-6375	-16580	-14199	-14807	-17722	-10291	-9937	-16174	-7685	-6201	-20638	-15177	-15058	-5182	-25667	-19660	-7144	-12265	-17283	-7747	-4880	-21268	-16700	-2004	-10018	-10358	-18152	-10898	-22093	-5411	-9604	-21028	-8180	-4443	-9281	-11883	-14989	-17056	-19358	-15226	-21523	-5428	-7272	-20125	-25473	-17150	-7126	-16604	-13027	-16457	-12754	-16478	-23870	-4830	-11151	-15904	-11032	-11179	-15904	-11326	-9156	-21315	-14630	-18179	-8498	-7322	-18207	-9520	-12635	-16849	-6573	-14700	-5810	-19817	-20461	-20671	-11151	-13573	-17661	-2835	-13300	-9926	-14602	-7889	-1813	-1960	-4802
-14775	-20867	-12530	-15300	-9472	-17390	-14828	-19942	-12955	-15026	-22523	-18742	-9853	-17007	-21988	-15100	-12504	-15329	-15692	-21021	-7710	-27033	-8051	-5370	-16700	-19958	-7116	734	-26564	-17979	-15516	-20535	-13079	-8713	-23203	-18888	-11989	-12204	-9046	-11290	-18463	-17916	-18288	-29901	876	-11038	-10619	-16828	-6146	-2982	-7700	-7000	-8792	-3465	-21791	-13153	1253	-3507	-8106	-2513	-18053	-7945	-4809	-6167	-14672	-7917	-11305	-4627	-1652	-13307	-2730	-5572	-6958	-17353	-8414	-875	-12642	-13811	-11795	-7553	-8078	-9303	-13867	-6622	-6769	-10437	-5390	4018	-1421	-4116
54	-649	10159	-37619	10264	-10609	-2364	-32911	-35925	-28711	-38019	-31284	-24135	22040	-40447	-17897	-25837	17531	2628	-37743	-3962	-23511	-17908	-7115	-2004	-7116	-47920	3795	-37995	12854	-36710	1155	-33100	10403	1958	-43321	-47283	-18374	-17841	2466	-20734	-14160	-11438	-35874	517	-42847	16597	34440	12054	2268	12957	10458	13244	553	-33313	22197	-3885	6097	14434	1232	-43834	15344	5733	14462	33250	18816	24738	5677	1456	31731	3178	9121	7910	-38682	14931	-448	26600	27664	19362	15225	15071	17297	-44877	12551	14791	21560	8183	-16660	8330	7889
-12977	-7808	-29913	8166	-17685	4302	-5408	-2616	-3481	3152	8943	18117	-720	-9520	8465	-8450	7165	-21799	-9279	23127	-15717	11042	-4500	-1328	-10018	734	3795	-24222	27993	-4102	-337	-8464	7063	-2681	-1512	12032	8303	610	-9010	-6998	-1937	-8787	1986	7380	-18052	-2567	-17990	-17360	-20153	-13853	-18228	-12502	-11144	-21651	4662	-21434	-11690	-14098	-12985	-15225	9030	-17983	-17304	-7798	-14588	-13188	-14854	-10073	-10136	-10276	-17451	-10577	-21896	17990	-12782	-10199	-13356	-11522	-16716	-7595	-13258	-15211	14322	-16352	-9464	-3283	-9800	-11711	-392	-3038
-2430	-14368	24954	-44615	14401	-30937	-10899	-36461	-28702	-34666	-56706	-59201	-22267	2363	-56561	-16001	-34578	15913	-7654	-69693	7001	-53506	-13230	-8618	-10358	-26564	-37995	27993	-81820	-8256	-34354	-12467	-39150	-1925	-22647	-56041	-47186	-24450	-10493	-5360	-30899	-17313	-29354	-59478	21679	-30586	16177	18179	20279	15771	17654	11641	7490	21413	-46599	20433	11312	13510	11403	13258	-53116	19761	18291	10409	17647	15071	17521	10150	8953	13244	19250	8365	20790	-59493	12586	9457	14350	11256	15323	8281	14644	14455	-54012	18193	11886	1225	11809	8134	2254	3528
-18120	-22892	-21758	55	-17128	-13774	-16317	-7544	532	-4181	-6331	-4244	-563	-28227	-4941	-9226	-2101	-26754	-19342	-3205	-9037	-17421	-2309	-3055	-18152	-17979	12854	-4102	-8256	-25928	-851	-23502	873	-14812	-25939	-477	8059	-5382	-3470	-14382	-11567	-13950	-14222	-16032	-2340	6090	-20202	-34643	-13615	-5880	-15778	-13279	-16065	-6307	-8232	-26054	1666	-7840	-15953	-4613	875	-17129	-10262	-13720	-31437	-17563	-24304	-8827	-3535	-28763	-6769	-11032	-13734	896	-17045	-2037	-25949	-27923	-22344	-15442	-16604	-18606	6006	-14329	-15176	-20139	-10486	10045	-4900	-8869
-9994	-15084	-7738	-34183	-1167	-13419	-11358	-36770	-35197	-28512	-36566	-26049	-23879	5131	-38207	-24347	-24140	-2054	-6570	-32182	-10540	-32004	-18107	-7841	-10898	-15516	-36710	-337	-34354	-851	-39172	-13091	-29976	4519	-11867	-41146	-39451	-18804	-19123	-2987	-23119	-23572	-17974	-42445	-1989	-41012	1148	11473	455	-7273	1071	-742	3591	-10339	-37471	2758	-4655	-63	3374	-4025	-41489	1141	-4403	3647	12040	5642	5852	-2800	-1428	12894	-5754	2443	-4536	-34979	2793	-3367	7868	10374	1946	4347	1428	3899	-38017	-245	4431	11417	-3871	-13671	6468	3773
-21943	-27738	-29152	-8472	-18798	-15455	-19503	-18501	-10497	-10659	-16172	-7619	-8071	-26833	-14942	-18689	-7335	-29506	-21768	-7605	-14215	-23824	-7125	-5227	-22093	-20535	1155	-8464	-12467	-23502	-13091	-27922	-7557	-12565	-27886	-10260	-2727	-9988	-10205	-14860	-17661	-22657	-18389	-26530	-5953	-8346	-22267	-31682	-16947	-10948	-18179	-15351	-15792	-14287	-17969	-27496	-2219	-9975	-16086	-9058	-10185	-18809	-13748	-13510	-28182	-17556	-23863	-11571	-5208	-24605	-10948	-11032	-18242	-6909	-17094	-5138	-24647	-24787	-24500	-14539	-18172	-19747	-2534	-16716	-13846	-16170	-13573	2548	-2205	-6321
-4378	-8985	6606	-32340	6199	-14174	-7869	-26820	-27616	-24024	-33322	-30279	-20323	7181	-35027	-17580	-24010	9499	-2555	-35905	-4157	-29326	-13328	-5949	-5411	-13079	-33100	7063	-39150	873	-29976	-7557	-29480	2700	-9402	-37324	-35231	-16784	-12808	-575	-19844	-14335	-15381	-36650	2712	-31832	10038	16541	10010	959	7945	5964	8904	2646	-30373	12411	1176	5845	9534	4326	-34706	9072	3409	6608	15456	10248	12551	2310	2933	14749	3402	7469	5866	-33502	8253	1435	13734	13923	10416	6937	7252	10269	-36960	6573	6440	11319	2450	-4704	3822	3038
-9762	-11580	-11930	2887	-9712	-7331	-8983	28	4407	775	-945	-470	1640	-17610	582	-3386	861	-14623	-11511	1214	-4099	-6754	1147	-1467	-9604	-8713	10403	-2681	-1925	-14812	4519	-12565	2700	-10616	-14438	4173	8899	-1538	493	-8511	-5131	-5828	-6729	-5164	-1804	7851	-10969	-20496	-7147	-1701	-8785	-6930	-9044	-1358	574	-14238	2142	-3808	-8610	-1631	5789	-8869	-4319	-8211	-18928	-10213	-13923	-4592	-945	-17654	-1827	-5936	-6279	4452	-9401	-469	-15183	-17080	-12656	-9100	-9429	-10906	8246	-7294	-8848	-13377	-4949	8232	-3283	-5243
-19970	-27644	-21832	-11005	-15718	-18958	-19919	-17966	-8605	-12109	-19621	-14524	-7889	-28128	-17823	-16765	-9884	-25592	-21851	-15482	-10336	-29341	-5734	-5493	-21028	-23203	1958	-1512	-22647	-25939	-11867	-27886	-9402	-14438	-31200	-13789	-3597	-11111	-7244	-14872	-18955	-21164	-20961	-30459	-779	-5782	-18515	-30541	-11711	-6349	-14014	-12593	-13993	-6937	-19271	-23366	2275	-6048	-13615	-4179	-11837	-14721	-8743	-12628	-27594	-15358	-21994	-8897	-1960	-25305	-5446	-8911	-12250	-11760	-14938	-1778	-23492	-24850	-21413	-13944	-15680	-16996	-5635	-12733	-12768	-18179	-11074	8575	-2940	-6713
-5139	-12336	8615	-42999	7523	-19879	-10449	-39194	-36698	-34135	-47140	-41853	-26168	9305	-48530	-21776	-31425	9829	-4630	-50419	-3446	-41649	-18064	-8763	-8180	-18888	-43321	12032	-56041	-477	-41146	-10260	-37324	4173	-13789	-52320	-48307	-22517	-16723	-1869	-27244	-21150	-22221	-51817	7264	-42229	11606	21392	11921	2261	11172	6811	9226	3255	-43498	15183	1792	7560	10507	4375	-50428	11991	5957	8988	20909	13636	15400	3640	3948	19194	4991	7602	7868	-48377	10087	2198	16226	16632	12194	9107	9786	12586	-49903	9891	9905	12446	3626	-7105	6468	4851
-1507	-4860	11022	-40591	10093	-14863	-5056	-36501	-37012	-31866	-43011	-36922	-24869	18663	-45302	-18904	-28588	15448	409	-44724	-3044	-31196	-18629	-7610	-4443	-11989	-47283	8303	-47186	8059	-39451	-2727	-35231	8899	-3597	-48307	-49724	-20160	-17904	843	-23594	-16978	-15738	-43305	4398	-43220	15169	30618	12579	2933	13027	9506	11522	2212	-39214	20265	-1729	6790	12985	2471	-48832	14721	6307	13279	29890	17745	22323	5397	2219	28182	4263	8330	8414	-44611	13482	714	23548	24157	17465	13461	13993	16170	-48972	12376	13643	18375	7350	-13622	7889	6762
-8051	-10729	-3328	-19099	-1887	-12041	-8307	-19770	-18041	-16490	-22505	-19219	-12668	-2156	-23223	-13100	-14532	-2595	-7508	-21889	-5818	-20746	-9981	-4858	-9281	-12204	-18374	610	-24450	-5382	-18804	-9988	-16784	-1538	-11111	-22517	-20160	-12392	-10728	-5315	-16342	-12851	-12909	-25845	-100	-18636	-378	1316	231	-679	-518	-406	-413	-1603	-21161	-336	-1022	-378	133	-896	-21917	308	-1302	1232	2163	1323	1540	-581	-980	2562	-980	-350	-1785	-19726	42	-840	1666	1421	119	623	511	574	-20846	-28	560	1617	-147	-3038	1078	-147
-11633	-11099	-13297	-14458	-6976	-8319	-7747	-20181	-19965	-14546	-17311	-10337	-11545	-1258	-18906	-14324	-10505	-9225	-8312	-11318	-11112	-12951	-12342	-4166	-11883	-9046	-17841	-9010	-10493	-3470	-19123	-10205	-12808	493	-7244	-16723	-17904	-10728	-15616	-6849	-15275	-14036	-9645	-20118	-6584	-19986	-6832	-2730	-7980	-6055	-7322	-4781	-4767	-11186	-19838	-7805	-7455	-6769	-4928	-8001	-19446	-6433	-8743	-70	-441	-2667	-2128	-4018	-6573	1855	-8897	-5075	-11151	-12383	-4284	-5628	-1246	-511	-5026	-1099	-3143	-4221	-16324	-6181	-1897	2793	-2891	-10829	1078	-882
-13610	-14422	-17299	-1558	-12595	-10345	-10100	-9382	-3749	-5285	-8604	-4256	-1630	-15927	-7568	-7781	-1587	-18711	-14554	-3091	-7668	-9562	-4252	-3115	-14989	-11290	2466	-6998	-5360	-14382	-2987	-14860	-575	-8511	-14872	-1869	843	-5315	-6849	-12020	-11073	-11366	-9580	-11717	-3657	78	-14651	-20118	-12159	-3094	-11900	-9044	-12992	-6643	-7952	-17584	-2611	-7931	-12124	-7196	-3934	-11410	-7238	-6741	-16870	-10822	-13552	-5243	-5117	-14812	-5530	-10059	-11354	-1337	-11256	-3381	-15197	-16779	-14854	-8575	-9569	-13202	1771	-8953	-7903	-12838	-4165	931	-2205	-4704
-15012	-18292	-11253	-22912	-6985	-18378	-13950	-27044	-22695	-21205	-30497	-24423	-15344	-8754	-30776	-18383	-17563	-10661	-15261	-26615	-9900	-28255	-13125	-6603	-17056	-18463	-20734	-1937	-30899	-11567	-23119	-17661	-19844	-5131	-18955	-27244	-23594	-16342	-15275	-11073	-24208	-20247	-19138	-35847	-1242	-22135	-6790	-6944	-5096	-2030	-5859	-4529	-5950	-5019	-28784	-7966	-2394	-3878	-4942	-4389	-28154	-4263	-4522	-1337	-4368	-2968	-3864	-3192	-3185	-3052	-3423	-4816	-7231	-24080	-4746	-2730	-4431	-5460	-6419	-2814	-3549	-5054	-24017	-3752	-2478	-3626	-2009	-3528	588	-1960
-18042	-22951	-26849	-17160	-14991	-13745	-16706	-28038	-20087	-17331	-25183	-11671	-14196	-15108	-23936	-22195	-11602	-22910	-18235	-13400	-13966	-24657	-11227	-7472	-19358	-17916	-14160	-8787	-17313	-13950	-23572	-22657	-14335	-5828	-21164	-21150	-16978	-12851	-14036	-11366	-20247	-26904	-17911	-32294	-6320	-22439	-16317	-15155	-14133	-11151	-12649	-11844	-10703	-16849	-24577	-18123	-5026	-8036	-10675	-11158	-23079	-12558	-10633	-7301	-12110	-9513	-13664	-9415	-4347	-9569	-10304	-7966	-15337	-16884	-10668	-6090	-13818	-12551	-17423	-7196	-12068	-13391	-12901	-10843	-5775	-7252	-10486	-7399	3528	-784
-12818	-18914	-9685	-17345	-6385	-16477	-13407	-21529	-15161	-15962	-25477	-20910	-11511	-13610	-24806	-15158	-13911	-12200	-14411	-23472	-6369	-28143	-8229	-5600	-15226	-18288	-11438	1986	-29354	-14222	-17974	-18389	-15381	-6729	-20961	-22221	-15738	-12909	-9645	-9580	-19138	-17911	-18904	-31799	2586	-14893	-8071	-11816	-4718	-1939	-5523	-5565	-6657	-3248	-23989	-9681	847	-2429	-6055	-2317	-21665	-4998	-2807	-4179	-9737	-5614	-8232	-3605	-1029	-9058	-1484	-4263	-5173	-20825	-5761	-959	-9373	-9660	-9373	-5355	-5712	-6909	-17199	-4354	-3668	-7791	-4263	2009	-539	-1764
-18279	-28226	-9263	-42239	-4319	-28409	-21530	-45080	-37431	-36286	-52479	-43388	-26792	-9526	-52650	-29298	-32043	-9867	-18839	-50477	-10543	-52702	-19454	-10315	-21523	-29901	-35874	7380	-59478	-16032	-42445	-26530	-36650	-5164	-30459	-51817	-43305	-25845	-20118	-11717	-35847	-32294	-31799	-63354	4774	-40093	-4137	-2779	0	-2926	-1610	-3703	-2814	-4130	-50169	-4501	1043	539	-1477	-1197	-51093	-735	-2338	-721	-623	616	-2030	-3717	455	-84	-1148	-1141	-3955	-47754	-2331	-763	-2289	-2583	-5110	-1694	-2625	-1806	-45486	-1169	-119	-1372	-4410	-2891	3626	-245
-9748	-5420	-21803	2945	-12776	3758	-5024	-1898	-4772	885	7614	13788	-2495	-4894	6606	-7991	3097	-13599	-5304	17273	-13178	7916	-4465	-981	-5428	876	517	-18052	21679	-2340	-1989	-5953	2712	-1804	-779	7264	4398	-100	-6584	-3657	-1242	-6320	2586	4774	-16066	-4540	-10612	-9982	-11935	-11844	-12019	-7910	-4683	-15729	3997	-13279	-7966	-8624	-6321	-9163	6972	-12418	-13867	-5628	-8946	-7658	-9093	-7903	-6153	-5432	-13503	-4844	-15498	13741	-8141	-6993	-6769	-5726	-9660	-4599	-9506	-8631	8533	-11914	-7693	1372	-8330	-8428	588	-3038
-7214	-10217	-6078	-36066	1391	-9766	-8757	-36901	-38129	-28830	-36102	-24327	-25950	12087	-38092	-24642	-24715	3178	-3200	-30065	-11017	-27806	-18894	-7851	-7272	-11038	-42847	-2567	-30586	6090	-41012	-8346	-31832	7851	-5782	-42229	-43220	-18636	-19986	78	-22135	-22439	-14893	-40093	-4540	-46232	5488	20433	2506	-7658	3668	1771	8015	-11466	-36106	8386	-6426	1029	7511	-4270	-42602	4487	-3640	6685	20286	9835	11571	-1841	-952	20853	-5943	5152	-3227	-34699	6622	-4144	14637	17906	6888	8267	4592	7987	-40040	2163	7826	17787	-2450	-18326	8526	6174
-2923	-3098	-5421	1564	-3435	-690	-1945	-856	236	371	430	1879	387	-3965	687	-1447	1118	-5346	-2886	2454	-2084	-468	-249	-258	-2875	-1517	2371	-2570	2311	-2886	164	-3181	1434	-1567	-2645	1658	2167	-54	-976	-2093	-970	-2331	-1153	-591	-1516	784	-4406	-5707	-3921	-2044	-3671	-2963	-3243	-3167	-340	-5310	-1099	-2428	-3392	-2375	1016	-3782	-2729	-2352	-4978	-3460	-4434	-2036	-1481	-4288	-2483	-2559	-3804	1908	-3275	-1310	-4584	-4439	-4593	-2548	-3271	-3899	2600	-3247	-2390	-2891	-2233	-287	-476	-980
-3895	-4357	-6187	2743	-4332	-1306	-2813	338	1618	1210	1496	2181	1176	-6427	1779	-1172	1568	-6885	-3948	3106	-2346	-990	336	10	-3639	-2404	4920	-2480	2597	-4949	1639	-4526	2363	-2928	-4363	3056	4374	188	-390	-2874	-992	-2165	-1688	-397	-1426	2919	-5707	-9028	-4576	-2152	-4832	-3804	-4257	-2880	263	-7281	-542	-2814	-4499	-2075	2787	-5052	-3389	-3622	-8154	-5057	-6553	-2593	-1579	-7268	-2699	-3200	-4523	3252	-4610	-1187	-6822	-6917	-6135	-4000	-4588	-5227	4098	-4428	-3973	-4683	-3003	1540	-1442	-2023
-2473	-2348	-5070	1594	-3075	-166	-1398	-797	-5	453	589	2165	300	-3014	788	-1271	1237	-4695	-2368	2768	-2027	304	-330	-231	-2450	-878	1722	-2879	2897	-1945	65	-2421	1430	-1021	-1673	1703	1797	33	-1140	-1737	-728	-2019	-674	0	-1705	358	-3921	-4576	-3798	-1971	-3369	-2641	-2864	-3293	-116	-4639	-1435	-2422	-3042	-2534	924	-3380	-2574	-1870	-3895	-2980	-3672	-1802	-1584	-3252	-2504	-2388	-3650	2008	-2801	-1440	-3755	-3493	-3972	-2027	-2767	-3427	2454	-2912	-1874	-2170	-1883	-987	-301	-637
-1540	-1576	-3480	173	-1875	377	-1116	-899	-877	-111	539	1736	-546	-1312	483	-1519	218	-2606	-962	1960	-1793	-98	-571	-175	-1018	-426	324	-1979	2253	-840	-1039	-1564	137	-243	-907	323	419	-97	-865	-442	-290	-1593	-277	-418	-1692	-1094	-2044	-2152	-1971	-2162	-1911	-1593	-898	-2723	-387	-2520	-949	-1220	-1230	-1373	251	-2152	-2156	-1255	-1961	-1523	-2101	-1496	-759	-1459	-2137	-763	-2462	1137	-1492	-994	-1769	-1370	-2132	-1067	-1882	-1638	847	-2078	-1276	-147	-1918	-1029	161	-329
-2597	-2523	-4691	1350	-2933	-412	-1612	-521	2	410	695	1810	216	-3197	770	-1323	897	-4387	-2351	2442	-2099	-58	-349	-121	-2372	-1100	1851	-2604	2522	-2254	153	-2597	1135	-1255	-2002	1596	1861	-74	-1046	-1700	-837	-1807	-789	-230	-1717	524	-3671	-4832	-3369	-1911	-3300	-2493	-2583	-2870	-180	-4534	-1143	-2201	-2797	-2044	1112	-3335	-2645	-1976	-4237	-2976	-3686	-1812	-1432	-3554	-2397	-2110	-3490	2029	-2784	-1267	-3700	-3563	-3754	-2142	-2799	-3226	2152	-2979	-2199	-2086	-1953	-413	-553	-959
-1994	-2149	-3797	929	-2335	-350	-1383	-675	-9	190	320	1367	113	-2631	469	-1124	662	-3642	-1909	1747	-1527	-422	-219	-182	-1861	-1000	1494	-1786	1663	-1897	-106	-2193	852	-990	-1799	973	1358	-58	-683	-1292	-647	-1692	-795	-529	-1130	253	-2963	-3804	-2641	-1593	-2493	-2056	-2051	-2340	-323	-3597	-767	-1613	-2208	-1605	609	-2605	-1977	-1651	-3339	-2331	-3051	-1488	-961	-2857	-1829	-1625	-2669	1272	-2209	-932	-3072	-2901	-3118	-1722	-2294	-2595	1660	-2287	-1648	-1757	-1715	-287	-252	-630
-2079	-2183	-3554	1327	-2423	-898	-1285	-589	500	272	-2	916	598	-3000	256	-681	948	-3881	-2287	1303	-1156	-340	-103	-211	-2351	-1256	1892	-1592	1070	-2295	513	-2256	1272	-1292	-1999	1318	1646	-59	-681	-1856	-850	-1529	-951	-402	-669	1145	-3243	-4257	-2864	-898	-2583	-2051	-2762	-1787	-263	-3836	-711	-1812	-2704	-1742	639	-2570	-1578	-1534	-3622	-2502	-3099	-1184	-1152	-3205	-1385	-2166	-2490	1150	-2393	-829	-3426	-3496	-3321	-1839	-2137	-2928	1955	-2054	-1574	-2646	-1099	0	-469	-742
-2192	-2057	-5090	417	-2699	408	-1327	-1653	-1363	-249	242	2262	-668	-1671	256	-2030	521	-3927	-1628	2632	-2436	108	-915	-344	-1822	-495	79	-3093	3059	-901	-1477	-2041	378	-194	-991	465	316	-229	-1598	-949	-717	-2407	-464	-590	-2247	-1638	-3167	-2880	-3293	-2723	-2870	-2340	-1787	-4028	-793	-3705	-1737	-2101	-2133	-2509	-130	-3004	-2869	-1498	-2414	-2184	-2804	-1946	-1421	-1743	-2979	-1603	-3648	1337	-2149	-1617	-2512	-1945	-3172	-1374	-2447	-2562	1190	-2777	-1421	-497	-2261	-2037	287	-217
-1918	-2883	-739	-4928	-165	-3005	-2024	-5440	-4868	-4350	-6084	-5038	-3180	-227	-6309	-3273	-3751	-749	-1715	-5895	-1277	-5748	-2596	-1036	-2354	-3113	-4759	666	-6657	-1176	-5353	-2567	-4339	82	-2753	-6214	-5602	-3023	-2834	-1136	-4112	-3511	-3427	-7167	571	-5158	-340	263	-116	-387	-180	-323	-263	-793	-6334	-342	-366	-192	-176	-419	-6499	-43	-479	315	586	276	230	-313	-370	703	-473	-244	-697	-5765	-103	-329	248	359	-229	100	37	55	-5943	-150	239	483	-294	-1106	371	84
-3642	-3833	-6441	1981	-4149	-837	-2457	-707	377	548	870	2313	516	-4969	1088	-1650	1281	-6443	-3471	3075	-2627	-624	-290	-186	-3410	-1879	3171	-3062	2919	-3722	394	-3928	1773	-2034	-3338	2169	2895	-48	-1115	-2512	-1138	-2589	-1383	-643	-1897	1198	-5310	-7281	-4639	-2520	-4534	-3597	-3836	-3705	-342	-6574	-1232	-2917	-4087	-2645	1562	-4703	-3500	-2993	-6422	-4323	-5565	-2536	-1801	-5540	-3111	-3036	-4689	2598	-4076	-1553	-5672	-5530	-5538	-3248	-4079	-4696	3167	-4126	-3204	-3465	-2842	-28	-805	-1442
-790	-357	-1879	193	-940	348	-146	-739	-897	-174	106	946	-296	43	-9	-692	270	-1240	-425	1173	-1078	666	-642	-90	-690	179	-555	-1670	1616	238	-665	-317	168	306	325	256	-247	-146	-1065	-373	-342	-718	121	149	-1138	-918	-1099	-542	-1435	-949	-1143	-767	-711	-1737	-366	-1232	-1150	-1085	-831	-1292	-266	-1072	-1215	-192	-292	-628	-582	-593	-922	7	-1349	-789	-1595	609	-674	-854	-456	-218	-883	-222	-602	-815	211	-986	-292	238	-490	-1477	105	7
-1643	-1405	-3121	962	-1912	-122	-806	-505	-204	220	404	1297	144	-1685	416	-799	707	-2839	-1430	1727	-1427	359	-401	-91	-1593	-501	871	-2014	1930	-1120	-9	-1425	835	-544	-864	1080	970	-54	-967	-1133	-554	-1148	-347	77	-1232	147	-2428	-2814	-2422	-1220	-2201	-1613	-1812	-2101	-192	-2917	-1085	-1668	-1937	-1659	514	-2166	-1777	-1060	-2358	-1849	-2159	-1102	-1196	-1901	-1718	-1570	-2438	1330	-1759	-1008	-2188	-2051	-2350	-1219	-1643	-2090	1326	-1897	-1217	-1176	-1057	-805	-301	-497
-2149	-2235	-3826	1495	-2542	-622	-1311	-447	461	432	370	1301	556	-3087	569	-758	1027	-4045	-2220	1761	-1388	-191	-101	-144	-2272	-1158	2062	-1855	1629	-2279	482	-2298	1362	-1230	-1945	1501	1855	19	-704	-1732	-706	-1525	-865	-211	-903	1073	-3392	-4499	-3042	-1230	-2797	-2208	-2704	-2133	-176	-4087	-831	-1937	-2780	-1822	897	-2832	-1903	-1699	-3880	-2702	-3358	-1375	-1243	-3392	-1719	-2159	-2796	1509	-2523	-960	-3586	-3535	-3480	-1963	-2358	-3032	2120	-2370	-1774	-2485	-1407	-91	-539	-791
-1491	-1273	-3423	634	-1921	17	-718	-1127	-613	-64	-95	1353	-125	-1247	22	-1085	667	-2848	-1384	1661	-1433	381	-534	-290	-1576	-359	176	-2175	1894	-659	-575	-1294	618	-233	-597	625	353	-128	-1143	-1028	-627	-1594	-331	-171	-1309	-610	-2375	-2075	-2534	-1373	-2044	-1605	-1742	-2509	-419	-2645	-1292	-1659	-1822	-2002	-113	-1985	-1642	-847	-1615	-1562	-1829	-1095	-1158	-1211	-1749	-1533	-2416	877	-1546	-1122	-1861	-1609	-2298	-915	-1499	-2004	1111	-1675	-766	-910	-1029	-1456	140	-91
-924	-1788	604	-5777	809	-2820	-1335	-5938	-5361	-4858	-6916	-5725	-3511	1444	-7084	-3088	-4111	828	-904	-6875	-589	-5568	-2709	-1208	-1597	-2579	-6262	1290	-7588	125	-5927	-1455	-4958	827	-1691	-7204	-6976	-3131	-2778	-562	-4022	-3297	-3095	-7299	996	-6086	1016	2787	924	251	1112	609	639	-130	-6499	1562	-266	514	897	-113	-7590	1335	590	1329	2940	1674	2005	402	79	2779	358	443	523	-6928	1095	-26	1997	2096	1226	1223	1264	1287	-6980	1182	1499	1477	609	-1722	1001	784
-2619	-2624	-4863	1447	-3092	-272	-1693	-443	112	452	1049	2121	292	-3318	1103	-1308	986	-4579	-2257	2706	-2136	-50	-322	-100	-2272	-1135	2192	-2569	2823	-2447	163	-2687	1296	-1267	-2103	1713	2103	44	-919	-1630	-609	-1794	-714	-105	-1774	641	-3782	-5052	-3380	-2152	-3335	-2605	-2570	-3004	-43	-4703	-1072	-2166	-2832	-1985	1335	-3542	-2831	-2158	-4488	-3071	-3941	-1937	-1383	-3774	-2564	-2069	-3600	2244	-2917	-1234	-3889	-3721	-3896	-2274	-2993	-3289	2355	-3150	-2386	-2072	-2226	-315	-518	-1057
-2209	-1974	-4023	560	-2389	35	-1373	-727	-828	-73	821	1762	-295	-1890	637	-1440	341	-3330	-1488	2230	-2202	14	-788	-51	-1618	-687	819	-2472	2613	-1466	-629	-1964	487	-617	-1249	851	901	-186	-1249	-1034	-646	-1519	-401	-334	-1981	-520	-2729	-3389	-2574	-2156	-2645	-1977	-1578	-2869	-479	-3500	-1215	-1777	-1903	-1642	590	-2831	-2756	-1532	-2991	-2141	-2747	-1694	-1273	-2308	-2572	-1397	-3205	1701	-2148	-1217	-2452	-2216	-2677	-1550	-2272	-2220	1100	-2671	-1904	-665	-1953	-910	-287	-868
-1566	-1846	-2874	1089	-1876	-248	-1257	148	650	575	841	1324	364	-2662	995	-690	683	-2932	-1522	1672	-1075	-381	219	-27	-1308	-881	2066	-1114	1487	-1960	521	-1930	944	-1173	-1804	1284	1897	176	-10	-963	-191	-1043	-597	-103	-804	955	-2352	-3622	-1870	-1255	-1976	-1651	-1534	-1498	315	-2993	-192	-1060	-1699	-847	1329	-2158	-1532	-1662	-3354	-2083	-2833	-1258	-491	-2974	-1272	-1104	-1927	1519	-1881	-511	-2832	-2760	-2626	-1666	-2078	-2148	1905	-1941	-1671	-1722	-1603	567	-406	-728
-3368	-3859	-5381	2613	-3804	-1037	-2508	688	1745	1329	1697	2147	1146	-5881	1950	-963	1484	-6015	-3389	2981	-2027	-799	509	84	-3045	-2096	4750	-2084	2521	-4491	1720	-4026	2208	-2704	-3942	2987	4270	309	-63	-2410	-624	-1730	-1391	-89	-1278	2898	-4978	-8154	-3895	-1961	-4237	-3339	-3622	-2414	586	-6422	-292	-2358	-3880	-1615	2940	-4488	-2991	-3354	-7474	-4548	-5932	-2334	-1250	-6682	-2327	-2658	-3885	3187	-4079	-947	-6134	-6218	-5432	-3637	-4162	-4604	3926	-3977	-3664	-4179	-2800	1701	-1358	-1862
-2212	-2418	-3973	1770	-2607	-407	-1471	131	827	857	1014	1728	618	-3564	1186	-819	1119	-4131	-2198	2297	-1525	-175	186	-11	-2090	-1131	2688	-1884	2153	-2509	806	-2508	1464	-1459	-2194	1948	2535	189	-381	-1546	-424	-1359	-802	88	-1094	1405	-3460	-5057	-2980	-1523	-2976	-2331	-2502	-2184	276	-4323	-628	-1849	-2702	-1562	1674	-3071	-2141	-2083	-4548	-3016	-3809	-1609	-1088	-3995	-1846	-1928	-2892	2116	-2673	-911	-3927	-3820	-3691	-2255	-2726	-3148	2592	-2722	-2183	-2513	-1862	399	-735	-959
-2867	-3293	-5211	2032	-3427	-565	-2142	-15	1005	883	1215	2190	696	-4707	1504	-1128	1280	-5465	-2870	2820	-1915	-670	239	-79	-2597	-1615	3534	-2122	2503	-3472	836	-3409	1793	-1989	-3142	2200	3189	220	-304	-1936	-552	-1952	-1176	-290	-1299	1653	-4434	-6553	-3672	-2101	-3686	-3051	-3099	-2804	230	-5565	-582	-2159	-3358	-1829	2005	-3941	-2747	-2833	-5932	-3809	-5086	-2176	-1156	-5261	-2366	-2340	-3645	2509	-3473	-1053	-5166	-5021	-4818	-2970	-3639	-4006	3257	-3480	-2876	-3241	-2660	700	-770	-1260
-1532	-1626	-2949	399	-1699	-110	-1153	-560	-321	34	308	1153	-185	-1743	344	-1098	274	-2554	-1264	1429	-1363	-364	-292	-118	-1214	-661	811	-1439	1450	-1261	-400	-1653	330	-656	-1271	520	771	-83	-574	-749	-456	-1345	-515	-531	-1129	-263	-2036	-2593	-1802	-1496	-1812	-1488	-1184	-1946	-313	-2536	-593	-1102	-1375	-1095	402	-1937	-1694	-1258	-2334	-1609	-2176	-1266	-638	-1920	-1559	-937	-2067	976	-1547	-743	-2044	-1865	-2170	-1214	-1761	-1739	1000	-1802	-1298	-861	-1519	-336	-91	-483
-1080	-782	-1877	509	-1143	-67	-382	-454	-453	-19	203	723	9	-729	98	-505	350	-1657	-781	992	-1019	347	-501	-14	-1046	-236	208	-1448	1279	-505	-204	-744	419	-135	-280	564	317	-140	-939	-731	-455	-621	-147	65	-879	-136	-1481	-1579	-1584	-759	-1432	-961	-1152	-1421	-370	-1801	-922	-1196	-1243	-1158	79	-1383	-1273	-491	-1250	-1088	-1156	-638	-998	-917	-1260	-1077	-1690	767	-1072	-750	-1142	-1042	-1304	-658	-886	-1209	489	-1232	-724	-469	-525	-826	-259	-350
-2790	-3351	-4386	2463	-3218	-991	-2162	836	1940	1336	1523	1756	1206	-5383	1825	-584	1399	-5202	-3004	2462	-1473	-819	689	86	-2601	-1901	4533	-1468	1892	-4109	1842	-3515	2107	-2522	-3615	2742	4026	366	265	-2116	-436	-1367	-1294	-12	-776	2979	-4288	-7268	-3252	-1459	-3554	-2857	-3205	-1743	703	-5540	7	-1901	-3392	-1211	2779	-3774	-2308	-2974	-6682	-3995	-5261	-1920	-917	-6092	-1719	-2297	-3089	2762	-3533	-658	-5521	-5635	-4759	-3234	-3598	-4032	3661	-3306	-3166	-3969	-2352	1890	-1253	-1617
-1876	-1601	-3827	530	-2184	330	-1069	-854	-967	-104	774	1880	-368	-1375	614	-1352	396	-3047	-1198	2291	-2079	249	-822	-81	-1360	-390	454	-2493	2750	-967	-822	-1564	486	-261	-778	713	609	-140	-1271	-790	-489	-1472	-212	-164	-1929	-849	-2483	-2699	-2504	-2137	-2397	-1829	-1385	-2979	-473	-3111	-1349	-1718	-1719	-1749	358	-2564	-2572	-1272	-2327	-1846	-2366	-1559	-1260	-1719	-2556	-1297	-3051	1546	-1869	-1262	-2052	-1697	-2386	-1246	-1995	-1968	972	-2426	-1525	-308	-1813	-1323	-91	-581
-1635	-1530	-2871	1097	-1919	-534	-890	-491	205	184	111	865	443	-2083	258	-481	787	-3033	-1724	1241	-1037	2	-217	-131	-1805	-796	1303	-1511	1195	-1576	349	-1576	1067	-848	-1273	1086	1190	-50	-725	-1437	-688	-1138	-609	-163	-692	736	-2559	-3200	-2388	-763	-2110	-1625	-2166	-1603	-244	-3036	-789	-1570	-2159	-1533	443	-2069	-1397	-1104	-2658	-1928	-2340	-937	-1077	-2297	-1297	-1802	-2161	1039	-1880	-790	-2547	-2562	-2529	-1363	-1614	-2259	1469	-1672	-1199	-1855	-819	-329	-364	-574
-2836	-2591	-5300	927	-3159	-183	-1718	-1152	-853	-51	573	2043	-210	-2715	527	-1746	659	-4611	-2275	2660	-2604	-58	-859	-186	-2407	-994	1130	-3128	2970	-1962	-648	-2606	838	-897	-1750	1124	1202	-255	-1593	-1622	-1033	-2191	-739	-565	-2214	-461	-3804	-4523	-3650	-2462	-3490	-2669	-2490	-3648	-697	-4689	-1595	-2438	-2796	-2416	523	-3600	-3205	-1927	-3885	-2892	-3645	-2067	-1690	-3089	-3051	-2161	-4078	1907	-2856	-1588	-3463	-3182	-3770	-2029	-2899	-3184	1648	-3269	-2212	-1449	-2261	-1225	-315	-917
-104	-1281	2265	-5491	1675	-2883	-957	-4950	-4266	-4320	-6672	-6186	-3021	1413	-6716	-2297	-3996	1923	-416	-7485	447	-5657	-1955	-1057	-939	-2479	-5526	2570	-8499	128	-4997	-987	-4786	636	-1680	-6911	-6373	-2818	-1769	-191	-3440	-2412	-2975	-6822	1963	-4957	1908	3252	2008	1137	2029	1272	1150	1337	-5765	2598	609	1330	1509	877	-6928	2244	1701	1519	3187	2116	2509	976	767	2762	1546	1039	1907	-7082	1695	664	2343	2295	1935	1422	1816	1894	-6711	2020	1833	1190	1134	-511	819	882
-2272	-2372	-3933	1272	-2609	-581	-1549	-335	354	351	648	1417	416	-3141	777	-934	817	-3993	-2174	1905	-1596	-372	-155	-97	-2100	-1202	2133	-1826	1798	-2435	399	-2442	1179	-1343	-2134	1441	1926	6	-612	-1608	-678	-1524	-823	-333	-1163	946	-3275	-4610	-2801	-1492	-2784	-2209	-2393	-2149	-103	-4076	-674	-1759	-2523	-1546	1095	-2917	-2148	-1881	-4079	-2673	-3473	-1547	-1072	-3533	-1869	-1880	-2856	1695	-2572	-893	-3550	-3535	-3412	-2050	-2535	-2904	2041	-2534	-2062	-2233	-1729	140	-525	-994
