-338	-295	-243	-207	-192	-10	60	-120	58	72	-5	-46	85	29	-25	-65	-61	-122	-3	-408	-1174	-1222	-3765	-10654	-32480	-97715	-97781	-97817	-97769	-97769	-97774	-97740	-97723	-97817	-292772	-878472	93	-213	561	165	-292383	456	-486	7773	3612	-78177	-13179	8127	15672	15324	-168	1524	1080	1884	-324	1608	852	-828	-1764	4968	13716
-295	-774	-666	-510	716	-1356	-776	-1610	-767	-985	-1364	-1734	-1357	-1320	-958	-1241	-942	-1139	-111	1958	2444	3401	9896	27971	80103	241791	241988	242024	242176	242021	241926	242349	241878	242324	730728	2193345	-519	1164	-7092	-3771	724899	-6933	-2127	-11046	-10191	200166	40779	-15135	-34896	-35208	180	-3672	5628	8232	7116	-43416	-24372	-38952	-98064	-28152	-165348
-243	-666	-784	-452	548	-1115	-668	-1422	-794	-983	-1268	-1615	-1249	-1185	-832	-1227	-881	-992	-126	1577	1758	2611	7433	20886	59085	178538	178778	178837	178845	178653	178718	179086	178692	179055	540546	1622823	-240	1050	-6750	-3606	535053	-6564	-2706	-8415	-11913	135198	17970	-23760	-38592	-34824	-3492	-3648	4548	7284	5472	-37068	-19644	-33084	-86832	-24048	-144828
-207	-510	-452	-484	693	-1126	-805	-1375	-784	-983	-1163	-1511	-1183	-1303	-803	-1221	-945	-1005	-80	1899	2474	3467	10126	28568	82534	248593	248808	248902	249113	248954	248773	249126	248630	249264	751495	2255439	-423	1194	-6777	-3672	745695	-6588	-1917	-12786	-10674	204231	39789	-17310	-37566	-37488	216	-4164	4572	7512	5976	-39216	-21336	-35424	-91260	-25056	-146772
-192	716	548	693	-2452	3190	2198	3554	2058	2595	3138	3886	3272	3478	2191	2948	2282	2494	192	-6284	-9948	-12574	-37574	-106184	-311135	-937276	-937897	-938147	-938599	-938281	-937740	-938668	-937356	-939025	-2825048	-8478168	1755	-3696	19023	9855	-2809152	18420	3057	51348	31476	-787068	-166317	45966	121152	127020	-5352	13656	-10728	-15852	-18972	113496	63708	96516	244080	83124	449280
-10	-1356	-1115	-1126	3190	-4636	-2892	-5113	-2683	-3402	-4422	-5398	-4505	-4650	-3123	-3977	-3042	-3634	-274	8257	12677	16110	48023	135777	396391	1194734	1195490	1195709	1196260	1195937	1195181	1196568	1194832	1196811	3601663	10809123	-2463	4800	-25176	-12900	3580872	-24444	-4245	-60831	-36594	1016673	226143	-45321	-141360	-152928	8532	-16932	16524	23232	26352	-156960	-89760	-135432	-336852	-114516	-617760
60	-776	-668	-805	2198	-2892	-2346	-3398	-2290	-2859	-3046	-4082	-3319	-3607	-2044	-3223	-2471	-2408	-212	5848	8715	11584	34219	96549	282309	849745	850500	850868	851380	850889	850443	851299	849870	851923	2564533	7696437	-1182	3693	-19584	-10272	2547822	-18819	-4584	-49125	-37230	688350	125334	-67638	-136146	-133440	-1176	-14784	9504	16140	15828	-106248	-56196	-91332	-240804	-75888	-417636
-120	-1610	-1422	-1375	3554	-5113	-3398	-5894	-3291	-4148	-5137	-6399	-5224	-5507	-3558	-4872	-3737	-4170	-341	9303	13841	17964	53331	150636	439002	1322920	1323905	1324251	1324888	1324352	1323621	1325165	1323118	1325594	3990436	11976078	-2475	5592	-29937	-15606	3965472	-29046	-6264	-69384	-47556	1105713	230445	-70689	-177366	-183684	5016	-20088	18516	27780	29112	-178236	-99360	-154404	-391968	-126396	-699408
58	-767	-794	-784	2058	-2683	-2290	-3291	-2422	-2967	-3037	-4141	-3319	-3567	-1981	-3325	-2542	-2324	-234	5566	8040	10920	32023	90332	263494	793117	793964	794375	794797	794195	793930	794733	793337	795421	2395061	7188057	-879	3654	-19698	-10380	2378250	-18885	-5355	-48057	-40737	624768	99537	-80982	-145098	-136980	-4764	-15120	8868	16020	14520	-101688	-51780	-87372	-235476	-71172	-400140
72	-985	-983	-983	2595	-3402	-2859	-4148	-2967	-3734	-3825	-5218	-4148	-4492	-2502	-4156	-3169	-2965	-301	6997	10061	13682	40186	113340	330484	994816	995872	996367	996898	996173	995806	996861	995088	997665	3004067	9015822	-1167	4560	-24771	-12945	2982969	-23751	-6741	-59568	-50775	785019	126285	-100221	-180678	-170784	-6012	-18936	11316	20160	18384	-129192	-66156	-111060	-297432	-91188	-509220
-5	-1364	-1268	-1163	3138	-4422	-3046	-5137	-3037	-3825	-4632	-5813	-4712	-4948	-3200	-4413	-3389	-3661	-319	8244	12207	15951	47162	133146	387818	1168815	1169785	1170142	1170627	1170070	1169562	1170899	1169061	1171351	3526171	10582878	-2028	5073	-27066	-14205	3503661	-26166	-6018	-63678	-45984	964272	191202	-74952	-169302	-171108	2184	-18660	16044	24204	25608	-156672	-85968	-134892	-347688	-110952	-618408
-46	-1734	-1615	-1511	3886	-5398	-4082	-6399	-4141	-5218	-5813	-7728	-6120	-6503	-3917	-5927	-4536	-4605	-437	10392	14970	20080	59106	166827	485732	1463042	1464426	1465001	1465741	1464836	1464249	1465929	1463396	1466784	4416542	13255107	-2136	6597	-35649	-18534	4386573	-34287	-8988	-82785	-66354	1180956	212841	-120597	-238878	-232716	-3372	-25980	18972	30852	29712	-196608	-104172	-169776	-444924	-138888	-774036
85	-1357	-1249	-1183	3272	-4505	-3319	-5224	-3319	-4148	-4712	-6120	-5068	-5232	-3171	-4679	-3556	-3646	-347	8656	12951	17018	50246	141868	414149	1247395	1248495	1248943	1249542	1248846	1248334	1249668	1247663	1250326	3763528	11295048	-1884	5352	-28884	-15051	3739260	-27828	-6753	-71034	-54150	1012461	186780	-96795	-197328	-193920	-1308	-20928	15048	24096	24768	-160608	-86496	-137520	-357696	-115344	-633852
29	-1320	-1185	-1303	3478	-4650	-3607	-5507	-3567	-4492	-4948	-6503	-5232	-5710	-3345	-5110	-3937	-3933	-347	9219	13586	18054	53344	150480	439228	1322539	1323730	1324257	1324986	1324234	1323576	1324997	1322781	1325829	3991517	11979177	-1974	5808	-31017	-16323	3965211	-29883	-7389	-75153	-57270	1074567	198795	-101979	-208758	-205440	-1200	-22596	16008	26568	26160	-171024	-91224	-147456	-386676	-120636	-671868
-25	-958	-832	-803	2191	-3123	-2044	-3558	-1981	-2502	-3200	-3917	-3171	-3345	-2292	-2928	-2281	-2576	-201	5702	8516	10994	32553	91937	267682	807107	807708	807912	808233	807925	807529	808464	807247	808694	2434294	7305876	-1584	3453	-18057	-9570	2419395	-17496	-3537	-42804	-27867	677649	143985	-39804	-104928	-110052	4572	-12048	11880	16884	18852	-108708	-60864	-93708	-239436	-76608	-428544
-65	-1241	-1227	-1221	2948	-3977	-3223	-4872	-3325	-4156	-4413	-5927	-4679	-5110	-2928	-4762	-3637	-3497	-336	7938	11286	15335	45072	127115	370120	1114364	1115481	1116010	1116629	1115853	1115401	1116634	1114648	1117459	3365281	10099971	-1446	5145	-28023	-14745	3341442	-26967	-7602	-64539	-54312	888336	150642	-103395	-193626	-185316	-5112	-20592	13896	24216	21864	-149376	-77496	-129384	-344088	-103644	-586224
-61	-942	-881	-945	2282	-3042	-2471	-3737	-2542	-3169	-3389	-4536	-3556	-3937	-2281	-3637	-2836	-2706	-244	6131	8714	11834	34762	98078	285524	859709	860573	860977	861474	860881	860503	861446	859919	862099	2596329	7792110	-1164	3972	-21360	-11352	2578140	-20553	-5586	-50271	-40854	688551	119400	-76611	-146208	-140892	-2340	-15672	11016	18972	17244	-114828	-59700	-99792	-265392	-78192	-447012
-122	-1139	-992	-1005	2494	-3634	-2408	-4170	-2324	-2965	-3661	-4605	-3646	-3933	-2576	-3497	-2706	-3110	-232	6564	9551	12518	37066	104778	304675	918277	918980	919211	919660	919320	918746	919901	918402	920196	2770709	8315493	-1800	4005	-21033	-10749	2753241	-20367	-4287	-46848	-31347	773628	166266	-43197	-117342	-123696	4812	-14568	13896	20448	20652	-128376	-71568	-112356	-282960	-91224	-501120
-3	-111	-126	-80	192	-274	-212	-341	-234	-301	-319	-437	-347	-347	-201	-336	-244	-232	-34	520	714	985	2882	8109	23522	70865	70948	70982	71007	70940	70944	71034	70904	71070	214044	642456	-72	336	-2034	-1062	212346	-1956	-696	-4305	-4566	53187	6363	-9840	-15606	-13992	-1188	-1428	864	1584	1404	-10188	-5136	-8640	-23292	-7200	-40932
-408	1958	1577	1899	-6284	8257	5848	9303	5566	6997	8244	10392	8656	9219	5702	7938	6131	6564	520	-16274	-25371	-32417	-96597	-272970	-799176	-2407175	-2408901	-2409611	-2410803	-2409874	-2408519	-2410945	-2407423	-2412010	-7257583	-21780630	4275	-9720	50337	26040	-7215387	48645	8907	132780	85410	-2008665	-414429	131271	324570	335568	-10620	36588	-27876	-42240	-48084	295368	163824	252180	642240	215172	1166184
-1174	2444	1758	2474	-9948	12677	8715	13841	8040	10061	12207	14970	12951	13586	8516	11286	8714	9551	714	-25371	-41294	-51535	-154333	-436299	-1281155	-3858958	-3861377	-3862357	-3864157	-3863008	-3860740	-3864313	-3859174	-3865781	-11627326	-34893876	7215	-14700	74646	38490	-11564973	72228	10284	212799	123882	-3253104	-696456	175836	484650	513180	-25308	54660	-40740	-59292	-75372	447684	253344	377856	950832	333972	1778436
-1222	3401	2611	3467	-12574	16110	11584	17964	10920	13682	15951	20080	17018	18054	10994	15335	11834	12518	985	-32417	-51535	-65394	-195138	-551439	-1617313	-4870671	-4874095	-4875549	-4877964	-4876144	-4873387	-4878017	-4871083	-4880300	-14681951	-44061228	8502	-19251	98913	51144	-14598843	95505	16419	272256	171639	-4063056	-836157	266256	656766	678924	-21864	73272	-52200	-79404	-93960	576888	320388	489384	1247004	425340	2285064
-3765	9896	7433	10126	-37574	48023	34219	53331	32023	40186	47162	59106	50246	53344	32553	45072	34762	37066	2882	-96597	-154333	-195138	-583100	-1647833	-4834670	-14560076	-14569994	-14574187	-14581424	-14576260	-14567824	-14581608	-14561152	-14588138	-43884966	-131700483	25863	-57006	292377	150957	-43639437	282504	46761	809502	501432	-12179439	-2532666	761664	1928550	2005176	-71880	215760	-154956	-234180	-281064	1716276	957312	1454652	3694716	1269180	6803676
-10654	27971	20886	28568	-106184	135777	96549	150636	90332	113340	133146	166827	141868	150480	91937	127115	98078	104778	8109	-272970	-436299	-551439	-1647833	-4657298	-13664261	-41151443	-41179386	-41191157	-41211639	-41197159	-41173199	-41212168	-41154418	-41230540	-124031878	-372224247	73311	-160929	824592	425139	-123339564	796755	130581	2286405	1410789	-34442700	-7177788	2133078	5430636	5653416	-208800	609300	-438648	-661440	-794244	4850184	2706996	4111884	10432764	3588372	19219248
-32480	80103	59085	82534	-311135	396391	282309	439002	263494	330484	387818	485732	414149	439228	267682	370120	285524	304675	23522	-799176	-1281155	-1617313	-4834670	-13664261	-40101434	-120766781	-120848214	-120882734	-120943053	-120900956	-120830308	-120943689	-120775020	-120997876	-363982448	-1092322437	214989	-470439	2407707	1241295	-361960146	2326386	376176	6717720	4126464	-101103753	-21084951	6232716	15907704	16570020	-619584	1782480	-1272504	-1919508	-2319696	14158836	7907172	11992644	30421188	10493388	56128680
-97715	241791	178538	248593	-937276	1194734	849745	1322920	793117	994816	1168815	1463042	1247395	1322539	807107	1114364	859709	918277	70865	-2407175	-3858958	-4870671	-14560076	-41151443	-120766781	-363697106	-363942056	-364045677	-364226798	-364100398	-363887850	-364229590	-363722032	-364391852	-1096152846	-3289589136	648564	-1416675	7249956	3737958	-1090064943	7005393	1131072	20222574	12410781	-304532052	-63553419	18716835	47853876	49865448	-1878576	5363712	-3839412	-5784000	-6995820	42660048	23831232	36133056	91642140	31614624	169122600
-97781	241988	178778	248808	-937897	1195490	850500	1323905	793964	995872	1169785	1464426	1248495	1323730	807708	1115481	860573	918980	70948	-2408901	-3861377	-4874095	-14569994	-41179386	-120848214	-363942056	-364187390	-364291167	-364472390	-364345736	-364133157	-364475148	-363967102	-364637689	-1096893273	-3291811344	648693	-1417893	7256586	3741441	-1090799661	7011684	1133202	20239005	12426747	-304714656	-63573795	18752295	47909202	49914984	-1874952	5369220	-3841728	-5788860	-6999684	42691008	23845848	36159480	91716480	31636368	169245072
-97817	242024	178837	248902	-938147	1195709	850868	1324251	794375	996367	1170142	1465001	1248943	1324257	807912	1116010	860977	919211	70982	-2409611	-3862357	-4875549	-14574187	-41191157	-120882734	-364045677	-364291167	-364395068	-364576370	-364449566	-364236992	-364579031	-364070767	-364741788	-1097206836	-3292752372	648651	-1418433	7259535	3743085	-1091110572	7014471	1134276	20247153	12435171	-304786476	-63576783	18772809	47938134	49939800	-1872444	5371860	-3842196	-5790696	-7000824	42702216	23850204	36168840	91746108	31643604	169289352
-97769	242176	178845	249113	-938599	1196260	851380	1324888	794797	996898	1170627	1465741	1249542	1324986	808233	1116629	861474	919660	71007	-2410803	-3864157	-4877964	-14581424	-41211639	-120943053	-364226798	-364472390	-364576370	-364757936	-364631034	-364418239	-364760437	-364251843	-364923398	-1097753564	-3294392916	648927	-1419132	7263207	3744984	-1091653956	7018026	1134912	20257515	12441768	-304937469	-63607260	18783276	47963100	49965360	-1873428	5374704	-3843888	-5794068	-7003596	42722856	23861232	36187200	91792908	31657608	169365168
-97769	242021	178653	248954	-938281	1195937	850889	1324352	794195	996173	1170070	1464836	1248846	1324234	807925	1115853	860881	919320	70940	-2409874	-3863008	-4876144	-14576260	-41197159	-120900956	-364100398	-364345736	-364449566	-364631034	-364504394	-364291517	-364633623	-364125334	-364796328	-1097370494	-3293243160	649047	-1418406	7258857	3742542	-1091274744	7013901	1133016	20246829	12428598	-304858053	-63611637	18749991	47919456	49929456	-1878228	5371176	-3843108	-5791140	-7002048	42706896	23855256	36173772	91750212	31648140	169302960
-97774	241926	178718	248773	-937740	1195181	850443	1323621	793930	995806	1169562	1464249	1248334	1323576	807529	1115401	860503	918746	70944	-2408519	-3860740	-4873387	-14567824	-41173199	-120830308	-363887850	-364133157	-364236992	-364418239	-364291517	-364079040	-364420903	-363912901	-364583539	-1096730418	-3291322572	648438	-1417719	7255836	3741183	-1090637295	7010934	1133394	20237943	12428052	-304659258	-63554088	18759612	47912196	49914540	-1872816	5368872	-3840420	-5787684	-6997956	42682212	23839764	36151596	91700640	31628952	169210296
-97740	242349	179086	249126	-938668	1196568	851299	1325165	794733	996861	1170899	1465929	1249668	1324997	808464	1116634	861446	919901	71034	-2410945	-3864313	-4878017	-14581608	-41212168	-120943689	-364229590	-364475148	-364579031	-364760437	-364633623	-364420903	-364763242	-364254684	-364925917	-1097761152	-3294416034	649161	-1419159	7263507	3744975	-1091661720	7018362	1134891	20254536	12438924	-304949631	-63618447	18773166	47953314	49958700	-1874664	5374152	-3845508	-5795028	-7005552	42730308	23866968	36193608	91804392	31664196	169399296
-97723	241878	178692	248630	-937356	1194832	849870	1323118	793337	995088	1169061	1463396	1247663	1322781	807247	1114648	859919	918402	70904	-2407423	-3859174	-4871083	-14561152	-41154418	-120775020	-363722032	-363967102	-364070767	-364251843	-364125334	-363912901	-364254684	-363747054	-364416979	-1096228799	-3289817280	648480	-1416903	7251570	3738885	-1090139574	7006923	1132014	20225547	12416289	-304539117	-63544260	18731922	47871120	49878444	-1875756	5364864	-3839748	-5785032	-6996420	42665316	23832900	36137232	91656648	31617540	169145064
-97817	242324	179055	249264	-939025	1196811	851923	1325594	795421	997665	1171351	1466784	1250326	1325829	808694	1117459	862099	920196	71070	-2412010	-3865781	-4880300	-14588138	-41230540	-120997876	-364391852	-364637689	-364741788	-364923398	-364796328	-364583539	-364925917	-364416979	-365089080	-1098252721	-3295891101	649005	-1420017	7267953	3747444	-1092149109	7022508	1136490	20268162	12452580	-305060424	-63621075	18807219	48000492	49998936	-1870632	5378748	-3845712	-5797572	-7006404	42745128	23871576	36206208	91846980	31673592	169455456
-292772	730728	540546	751495	-2825048	3601663	2564533	3990436	2395061	3004067	3526171	4416542	3763528	3991517	2434294	3365281	2596329	2770709	214044	-7257583	-11627326	-14681951	-43884966	-124031878	-363982448	-1096152846	-1096893273	-1097206836	-1097753564	-1097370494	-1096730418	-1097761152	-1096228799	-1098252721	-3303751692	-9914664714	1951428	-4273965	21878622	11281461	-3285377166	21139569	3428817	60968988	37489575	-917600331	-191311413	56653536	144474654	150461952	-5608572	16190208	-11579256	-17463432	-21080640	128651700	71834832	108985356	276500088	95305284	509975028
-292824	731115	540941	751813	-2826056	3603041	2565479	3992026	2396019	3005274	3527626	4418369	3765016	3993059	2435292	3366657	2597370	2771831	214152	-7260210	-11631292	-14687076	-43900161	-124074749	-364107479	-1096529712	-1097270448	-1097584124	-1098130972	-1097747720	-1097107524	-1098138678	-1096605760	-1098630367	-3304888238	-9918075804	1952068	-4275580	21887264	11285971	-3286506582	21147916	3430756	60989775	37504916	-917909206	-191371066	56679578	144531096	150518352	-5608636	16196252	-11584028	-17470636	-21088704	128701056	71861828	109027296	276608484	95341044	510172740
31	-173	-80	-141	585	-821	-394	-825	-293	-389	-676	-712	-628	-658	-528	-482	-388	-600	-24	1425	2405	2834	8621	24437	71663	216188	216231	216217	216309	216349	216146	216387	216160	216335	650476	1952068	-636	725	-3457	-1725	647723	-3417	101	-9745	-2244	196798	53724	4847	-12388	-18580	4600	-2064	3088	3524	5264	-26648	-16724	-22848	-52620	-20100	-105012
-71	388	350	398	-1232	1600	1231	1864	1218	1520	1691	2199	1784	1936	1151	1715	1324	1335	112	-3240	-4900	-6417	-19002	-53643	-156813	-472225	-472631	-472811	-473044	-472802	-472573	-473053	-472301	-473339	-1424655	-4275580	725	-2032	10559	5504	-1415744	10161	2261	26854	19243	-386732	-74006	33218	71254	71132	-380	7924	-5432	-8744	-9196	58968	31656	50484	131808	42432	233280
187	-2364	-2250	-2259	6341	-8392	-6528	-9979	-6566	-8257	-9022	-11883	-9628	-10339	-6019	-9341	-7120	-7011	-678	16779	24882	32971	97459	274864	802569	2416652	2418862	2419845	2421069	2419619	2418612	2421169	2417190	2422651	7292874	21887264	-3457	10559	-57234	-30065	7244447	-55125	-14222	-138999	-109944	1946343	346256	-203117	-398192	-386592	-6860	-41772	27812	47076	46912	-309944	-164132	-265356	-698748	-220380	-1226916
55	-1257	-1202	-1224	3285	-4300	-3424	-5202	-3460	-4315	-4735	-6178	-5017	-5441	-3190	-4915	-3784	-3583	-354	8680	12830	17048	50319	141713	413765	1245986	1247147	1247695	1248328	1247514	1247061	1248325	1246295	1249148	3760487	11285971	-1725	5504	-30065	-16374	3734957	-28992	-7810	-73480	-58987	996265	171338	-111885	-212630	-204512	-4360	-21128	14452	24872	25060	-158960	-83652	-135648	-363708	-109632	-628632
-97461	241633	178351	248565	-936384	1193624	849274	1321824	792750	994323	1167887	1462191	1246420	1321737	806465	1113814	859380	917747	70782	-2405129	-3854991	-4866281	-14546479	-41113188	-120653382	-363354981	-363599887	-363703524	-363884652	-363758248	-363545765	-363887240	-363379858	-364049703	-1095125722	-3286506582	647723	-1415744	7244447	3734957	-1089042114	6999898	1130602	20204934	12401604	-304240283	-63488011	18705740	47815606	49823692	-1876972	5361132	-3837100	-5781548	-6988464	42625568	23809332	36107052	91580196	31585752	168971328
152	-2311	-2188	-2196	6140	-8148	-6273	-9682	-6295	-7917	-8722	-11429	-9276	-9961	-5832	-8989	-6851	-6789	-652	16215	24076	31835	94168	265585	775462	2335131	2337228	2338157	2339342	2337967	2336978	2339454	2335641	2340836	7046523	21147916	-3417	10161	-55125	-28992	6999898	-53148	-13590	-133567	-104871	1884997	338931	-191902	-380384	-370492	-5728	-39860	27136	45672	45780	-300112	-159552	-257016	-675312	-213072	-1187676
-162	-709	-902	-639	1019	-1415	-1528	-2088	-1785	-2247	-2006	-2996	-2251	-2463	-1179	-2534	-1862	-1429	-232	2969	3428	5473	15587	43527	125392	377024	377734	378092	378304	377672	377798	378297	377338	378830	1142939	3430756	101	2261	-14222	-7810	1130602	-13590	-6400	-25980	-36120	248697	-568	-87478	-118714	-99148	-14860	-10304	4280	11104	6400	-59276	-25716	-51264	-151884	-37968	-237096
2591	-3682	-2805	-4262	17116	-20277	-16375	-23128	-16019	-19856	-21226	-27595	-23678	-25051	-14268	-21513	-16757	-15616	-1435	44260	70933	90752	269834	762135	2239240	6740858	6746335	6749051	6752505	6748943	6745981	6751512	6741849	6756054	20322996	60989775	-9745	26854	-138999	-73480	20204934	-133567	-25980	-413006	-284779	5469861	1001615	-521802	-1062026	-1044984	7204	-108196	60876	101084	119984	-754296	-403888	-630972	-1657152	-549456	-2983428
1204	-3397	-3971	-3558	10492	-12198	-12410	-15852	-13579	-16925	-15328	-22118	-18050	-19090	-9289	-18104	-13618	-10449	-1522	28470	41294	57213	167144	470263	1375488	4136927	4142249	4145057	4147256	4142866	4142684	4146308	4138763	4150860	12496525	37504916	-2244	19243	-109944	-58987	12401604	-104871	-36120	-284779	-280028	3045705	304346	-635198	-970028	-859276	-69908	-87660	31708	73920	63216	-497436	-234180	-415524	-1178556	-347832	-1983960
-26059	66722	45066	68077	-262356	338891	229450	368571	208256	261673	321424	393652	337487	358189	225883	296112	229517	257876	17729	-669555	-1084368	-1354352	-4059813	-11480900	-33701251	-101510684	-101571552	-101595492	-101645823	-101619351	-101553086	-101649877	-101513039	-101686808	-305866777	-917909206	196798	-386732	1946343	996265	-304240283	1884997	248697	5469861	3045705	-86268300	-19011766	3942763	12065982	13032352	-799520	1418240	-1115976	-1602792	-2007144	11912864	6786364	10116480	25274556	8880828	47166156
-4393	13593	5990	13263	-55439	75381	41778	76815	33179	42095	63734	70947	62260	66265	47995	50214	39800	55422	2121	-138143	-232152	-278719	-844222	-2392596	-7028317	-21184473	-21191265	-21192261	-21202420	-21203879	-21184696	-21206149	-21181420	-21207025	-63770471	-191371066	53724	-74006	346256	171338	-63488011	338931	-568	1001615	304346	-19011766	-4978968	-193839	1494432	2017400	-384936	233476	-270360	-327512	-464740	2501064	1529300	2145048	5056116	1904700	9856692
2709	-5045	-7920	-5770	15322	-15107	-22546	-23563	-26994	-33407	-24984	-40199	-32265	-33993	-13268	-34465	-25537	-14399	-3280	43757	58612	88752	253888	711026	2077572	6238945	6250765	6257603	6261092	6249997	6253204	6257722	6243974	6269073	18884512	56679578	4847	33218	-203117	-111885	18705740	-191902	-87478	-521802	-635198	3942763	-193839	-1613474	-2122680	-1748748	-245400	-172432	21988	113208	64588	-731020	-274824	-595068	-1895424	-486672	-2950560
2612	-5816	-6432	-6261	20192	-23560	-22691	-29561	-24183	-30113	-28217	-39813	-32888	-34793	-17488	-32271	-24368	-19557	-2601	54095	80775	109461	321425	905106	2651284	7975646	7984867	7989689	7993850	7986576	7985366	7992219	7978520	8000082	24079109	72265548	-6194	35627	-199096	-106315	23907803	-190192	-59357	-531013	-485014	6032991	747216	-1061340	-1705137	-1543556	-98828	-158216	62632	134694	126000	-937764	-456518	-782532	-2179926	-666462	-3743874
1277	-2934	-2902	-3124	10585	-12744	-11120	-15307	-11415	-14232	-14259	-19393	-16160	-17120	-9171	-15443	-11741	-10308	-1166	27964	42765	56577	167098	471118	1380835	4155454	4159582	4161650	4163780	4160788	4159545	4163225	4156537	4166578	12538496	37629588	-4645	17783	-96648	-51128	12455923	-92623	-24787	-261246	-214819	3258088	504350	-437187	-771778	-724268	-26451	-75321	36571	68895	70610	-488239	-249502	-409566	-1106610	-351807	-1944441
-14	15	-291	18	-446	711	-98	418	-397	-501	182	-281	-109	-100	381	-426	-195	401	-99	-885	-2109	-1822	-5990	-17400	-51632	-156548	-156246	-156037	-156119	-156519	-156068	-156222	-156313	-155886	-467381	-1402159	1150	-95	-1715	-1090	-469243	-1432	-3715	1801	-17477	-199880	-96234	-61350	-49414	-26451	-18056	-2293	-4204	-1658	-6335	15890	16105	14760	16947	12609	53208
127	-306	-304	-347	1138	-1411	-1232	-1674	-1260	-1578	-1555	-2165	-1744	-1883	-1004	-1716	-1306	-1214	-119	3049	4555	6106	17980	50775	148540	446976	447435	447655	447892	447598	447406	447846	447072	448229	1349184	4049063	-516	1981	-10443	-5282	1340283	-9965	-2576	-27049	-21915	354560	58369	-43108	-79108	-75321	-2293	-8692	4292	7803	7361	-54520	-27819	-46512	-123537	-40281	-216234
90	469	379	381	-894	1377	792	1543	739	943	1337	1581	1254	1334	990	1158	918	1158	72	-2323	-3395	-4350	-12913	-36554	-106042	-319951	-320144	-320183	-320324	-320259	-320035	-320459	-319979	-320476	-964938	-2896007	772	-1358	6953	3613	-959275	6784	1070	15219	7927	-278994	-67590	5497	31316	36571	-4204	4292	-5780	-7654	-8341	46457	27003	40926	100755	32280	179586
157	686	607	626	-1321	1936	1345	2315	1335	1680	2017	2571	2008	2214	1407	2018	1581	1704	132	-3520	-4941	-6617	-19515	-55120	-159959	-482000	-482405	-482558	-482839	-482595	-482307	-482919	-482086	-483131	-1455286	-4367659	881	-2186	11769	6218	-1445387	11418	2776	25271	18480	-400698	-81878	28302	67347	68895	-1658	7803	-7654	-11968	-11100	69453	38041	61341	157104	46812	267192
-27	593	456	498	-1581	2196	1319	2426	1210	1532	2134	2476	2064	2180	1571	1822	1437	1721	117	-4007	-6281	-7830	-23422	-66187	-193308	-582985	-583307	-583402	-583633	-583504	-583163	-583796	-583035	-583867	-1756720	-5272176	1316	-2299	11728	6265	-1747116	11445	1600	29996	15804	-501786	-116185	16147	63000	70610	-6335	7361	-8341	-11100	-14002	74915	43516	64080	160176	53226	295983
134	-3618	-3089	-3268	9458	-13080	-8854	-14853	-8474	-10766	-13056	-16384	-13384	-14252	-9059	-12448	-9569	-10698	-849	24614	37307	48074	143023	404182	1179903	3555004	3557584	3558518	3560238	3558908	3556851	3560859	3555443	3562094	10720975	32175264	-6662	14742	-77486	-39740	10656392	-75028	-14819	-188574	-124359	2978216	625266	-182755	-468882	-488239	15890	-54520	46457	69453	74915	-464276	-259002	-400680	-1011207	-335397	-1825380
71	-2031	-1637	-1778	5309	-7480	-4683	-8280	-4315	-5513	-7164	-8681	-7208	-7602	-5072	-6458	-4975	-5964	-428	13652	21112	26699	79776	225583	658931	1985936	1987154	1987517	1988436	1987938	1986647	1988914	1986075	1989298	5986236	17965457	-4181	7914	-41033	-20913	5952333	-39888	-6429	-100972	-58545	1696591	382325	-68706	-228259	-249502	16105	-27819	27003	38041	43516	-259002	-148758	-223698	-552813	-188865	-1017135
-23	-1082	-919	-984	2681	-3762	-2537	-4289	-2427	-3085	-3747	-4716	-3820	-4096	-2603	-3594	-2772	-3121	-240	7005	10496	13594	40407	114219	333129	1003696	1004430	1004690	1005200	1004827	1004211	1005378	1003812	1005728	3027371	9085608	-1904	4207	-22113	-11304	3008921	-21418	-4272	-52581	-34627	843040	178754	-49589	-130422	-136522	4920	-15504	13642	20447	21360	-133560	-74566	-115990	-291775	-95845	-522285
-49	-2724	-2412	-2535	6780	-9357	-6689	-10888	-6541	-8262	-9658	-12359	-9936	-10741	-6651	-9558	-7372	-7860	-647	17840	26412	34639	102631	289799	845033	2545615	2547680	2548503	2549803	2548617	2547240	2550122	2546018	2551305	7680558	23050707	-4385	10984	-58229	-30309	7631683	-56276	-12657	-138096	-98213	2106213	421343	-157952	-363321	-368870	5649	-41179	33585	52368	53392	-337069	-184271	-291775	-749696	-238933	-1322622
138	-782	-668	-696	2309	-3181	-2108	-3511	-1977	-2533	-3082	-3858	-3204	-3351	-2128	-2879	-2172	-2534	-200	5977	9277	11815	35255	99677	291483	878184	878788	878989	879378	879115	878582	879561	878265	879822	2647369	7945087	-1675	3536	-18365	-9136	2632146	-17756	-3164	-45788	-28986	740069	158725	-40556	-111077	-117269	4203	-13427	10760	15604	17742	-111799	-62955	-95845	-238933	-84162	-444249
127	-1531	-1341	-1359	4160	-5720	-3867	-6476	-3705	-4715	-5726	-7167	-5869	-6221	-3968	-5428	-4139	-4640	-379	10798	16467	21158	62997	177956	519710	1565950	1567084	1567494	1568196	1567620	1566762	1568512	1566158	1569032	4721991	14171465	-2917	6480	-34081	-17462	4693648	-32991	-6586	-82873	-55110	1310171	273797	-81960	-207993	-216049	5912	-24026	19954	29688	32887	-202820	-113015	-174095	-440874	-148083	-804404