-35352	-37429	-47406	-44220	-33530	-50232	44101	-69586	-73932	-69057	-69176	-56735	-63360	-53535	-73391	-66642	-76513	-84332	-77633	-56805	-1173	-3521	52512	96736	263016	455162	964075	2020083	3911832	3907288	3901425	3959581	7921765	15563793	31321714	62528645	62577861	125184652	250292383	500597871	1002070478	2007866527	4031352493	4031367707	8128882136	16527745167	34148712160	72693267597	163015923831	396644560322	396644567839	396644570764	396644557084	233628640360	160935389094	126786675818	110258896952	102130036134	98098663690	96090793558	95088716674	94212678470	376975048352	1508150943506	-16208	152880	164520	-261360	-278576	-256632	1507900651080	-16200	152840	164464	-261488	-2368448	-11764784	376850338816	430744	-18568	-314608	-227600	52424	-408832	94149719680	-452216	117832	385512	48040	282128	-844696	23506217048	5860770168	1457051536	360729504	88060848	21015488	202656	4260736	-508560	-510256	-511160	-510472	-509984	-508560	227296	-508824	-4369928	-511720	-511928	-7125272	-516704	3198312	-9968112	-4861584	6157856	13021024	8034784	-11576544	1072896	-3726912	-4039520	-10922304	-418880	16090368	-2790976	-488128
-37429	-40778	-52068	-48406	-36861	-53773	41240	-76183	-79582	-75409	-75545	-61146	-66995	-55988	-79352	-71642	-83669	-92258	-84484	-60816	-1276	1281	59397	105744	288124	498240	1056477	2209357	4285769	4280712	4275519	4336181	8673479	17047088	34302502	68482148	68533497	137099505	274114230	548262003	1097528099	2199328210	4416565650	4416582100	8908788289	18125996679	37500190932	80018330738	180158882943	440910823506	440910831697	440910834286	440910819344	260751943536	180733630380	143233438754	125107406836	116198641160	111782054494	109582722250	108485187690	107525749218	430239199894	1721231388784	-21832	156064	171808	-287696	-298760	-281528	1720957274520	-21784	156048	171704	-287832	-2473592	-12357152	430102594488	457816	-23912	-340112	-239672	51664	-437528	107456807088	-483216	121752	402688	53960	293936	-898448	26830009616	6690217600	1663642376	412022416	100686304	24073888	211264	4951512	-539688	-541456	-542296	-541416	-540832	-539352	336512	-540016	-4605368	-542904	-542952	-7423736	-548384	3349176	-10492272	-5178048	6552128	13689440	8513408	-12236064	1158368	-3926688	-4226816	-11555136	-401088	17026112	-3024512	-373952
-47406	-52068	-68106	-63054	-47921	-68507	45213	-98839	-102453	-98135	-97813	-78887	-84872	-70757	-102761	-92358	-109018	-120467	-109917	-78002	-1571	8726	81094	139850	381139	658247	1397839	2917976	5669708	5662954	5657607	5733906	11466865	22548738	45365879	90572014	90637092	181320670	362527380	725130729	1451671997	2909340453	5843800865	5843822422	11793351535	24017394697	49776675191	106554193295	241178499118	594775156361	594775166278	594775168921	594775149792	353596659480	247042489338	197265813984	173248373104	161455050432	155611223286	152701877660	151250197712	149981265032	600105241422	2400784088102	-34912	193088	216304	-379368	-384376	-367896	2400421560640	-34872	193064	216112	-379632	-3095552	-15582376	599924540184	585480	-32456	-439992	-302304	62920	-564560	149890100144	-618744	150176	506736	71936	370176	-1146504	37427295272	9333963848	2321712784	575260128	140754776	33732808	264464	7052608	-686528	-688640	-689552	-688464	-687536	-685728	597224	-686968	-5824800	-690384	-690192	-9292208	-697016	4216664	-13256112	-6633856	8349824	17258880	10796992	-15568064	1483296	-4989824	-5326720	-14668800	-486144	21557312	-3928896	-328960
-44220	-48406	-63054	-58762	-44499	-64057	43835	-92192	-95747	-91680	-91307	-73850	-79773	-66528	-95790	-86242	-101726	-112069	-102712	-73085	-1492	6739	74997	130117	354693	612559	1300662	2715704	5275150	5268873	5263546	5335330	10670294	20980349	42211835	84274510	84335639	168713411	337321642	674705615	1350703009	2706898415	5436814243	5436834216	10970609852	22336296795	46270706288	98964842288	223685495354	550522378216	550522387486	550522390122	550522372486	326836885334	227872064574	181601357858	159265017918	148294435042	142857596146	140150693016	138799982450	137619285510	550644786906	2202917028848	-31240	182592	203664	-353392	-359568	-343424	2202579707128	-31216	182576	203496	-353640	-2911952	-14628512	550476655680	549136	-30192	-412328	-283344	59888	-527816	137534456144	-580304	142008	475640	67888	348072	-1074048	34341530904	8564111672	2130067040	527712768	129079288	30915864	249800	6439336	-643376	-645352	-646256	-645288	-644456	-642744	520200	-643712	-5464216	-647008	-646896	-8731784	-653408	3961200	-12436944	-6201904	7829408	16217664	10140768	-14578208	1389568	-4670048	-5001056	-13759392	-451520	20221376	-3674688	-333248
-33530	-36861	-47921	-44499	-34580	-48608	29189	-69034	-71151	-69141	-68688	-54939	-59215	-48999	-72141	-64906	-76802	-84469	-76710	-54567	-1116	7819	57852	98659	269492	465281	988360	2061732	4008102	4003374	3999693	4052883	8105014	15938512	32066147	64020445	64065172	128163782	256246687	512555099	1026123838	2056557709	4131168834	4131184072	8338265138	16985682066	35221473294	75466929153	171076968727	422823704071	422823711430	422823713117	422823699240	251746736456	176279823594	141058350414	124072636702	115734391902	111603204602	109546643052	108520513808	107623579518	430621686126	1722743403696	-27272	132880	150224	-270072	-271464	-259944	1722487156888	-27360	132784	150032	-270304	-2144248	-10795248	430493952528	406896	-23808	-308816	-212560	40280	-395336	107559143232	-433256	102768	350960	50048	256352	-803224	26857812008	6698296224	1666249560	412903320	101063008	24234888	184160	5089568	-479080	-480568	-481160	-480312	-479600	-478336	454440	-479408	-4044568	-481744	-481528	-6413216	-486400	2925784	-9173648	-4600608	5816512	11972160	7512672	-10813792	1002240	-3499456	-3722848	-10215200	-357120	14950400	-2767040	-199552
-50232	-53773	-68507	-64057	-48608	-72368	60276	-101194	-106840	-100581	-100500	-82187	-90994	-76605	-106174	-96002	-111488	-122389	-112956	-82158	-1700	-2173	77875	141190	384294	664653	1408773	2948344	5714356	5707745	5699717	5782808	11568704	22733729	45748213	91330238	91400626	182843353	365574956	731176932	1463651514	2932828282	5888829247	5888851156	11875731364	24151467708	49922346004	106355873611	238823706036	582234203975	582234214699	582234218781	582234199162	343410503158	237054652988	187132305524	162980789496	151105088648	145216230862	142283397424	140819736838	139540193802	558342401138	2233735830998	-25592	216744	235800	-380728	-401328	-374264	2233370255960	-25624	216720	235664	-380944	-3382448	-16844288	558160234152	622032	-29312	-457256	-323976	73888	-590928	139448243696	-653360	168952	550368	73624	403912	-1214792	34816466904	8681063368	2158378328	534422528	130510560	31165952	290816	6355184	-730616	-733016	-734272	-733288	-732552	-730512	375960	-731000	-6264328	-735120	-735360	-10161128	-742408	4573216	-14289664	-7007088	8881376	18670208	11568064	-16610656	1574112	-5318592	-5760608	-15691840	-550592	23118784	-4057920	-601280
44101	41240	45213	43835	29189	60276	-136956	76258	93111	70353	74075	68599	87438	79651	80290	76165	76908	86384	85747	70646	1762	74786	-17402	-81454	-212844	-376408	-779014	-1686684	-3171741	-3169379	-3150918	-3236986	-6496496	-12671576	-25562556	-50996626	-51072108	-102136448	-204228384	-408139676	-816184609	-1632004884	-3262653373	-3262667420	-6523364956	-13042976345	-26082515852	-52169726576	-104395347861	-209092516182	-209092524354	-209092535446	-209092523168	-104697189018	-52527477384	-26444953256	-13401933374	-6878594378	-3615912482	-1983905978	-1167709236	-453273010	-1914085344	-7861283504	-58624	-267352	-250400	196464	306216	233984	-7657055360	-58976	-267768	-250888	196144	3698456	17525896	-1812677520	-578624	-9536	350896	304344	-128464	486448	-401778984	564088	-216296	-587512	-48392	-436296	1076520	-75088512	-5876504	5241496	3930392	2767696	1458648	-313320	1473584	678784	681632	684280	684168	685240	683104	1308000	678680	6305640	684704	687384	11331872	693856	-4767336	14759520	6464912	-8272416	-19326368	-11243904	16024672	-1671232	4895616	5787296	15106528	574016	-23110080	2937088	2002432
-69586	-76183	-98839	-92192	-69034	-101194	76258	-147460	-153596	-145509	-145499	-118332	-128042	-107243	-152084	-136560	-161313	-177463	-164057	-116957	-2423	5452	116090	204437	556740	962218	2041889	4265859	8280935	8271349	8261980	8377143	16754793	32937756	66274522	132312510	132410992	264883587	529604673	1059276764	2120506349	4249315139	8533454535	8533485631	17213950256	35027273360	72480046574	154710704207	348521309224	853643454073	853643468870	853643473710	853643446130	505122150286	350411479750	277931431770	242904090050	225690182382	217156688488	212907366106	210786847452	208933154048	835995796002	3344513687770	-42248	295240	328184	-552240	-568760	-543504	3343984083024	-42136	295336	327936	-552544	-4701584	-23571368	835731846944	883480	-48536	-657936	-450128	101792	-841096	208799962016	-928016	234824	765616	112416	561592	-1713400	52133927040	13000084816	3232806360	800678256	195694576	46802208	404240	9655184	-1029920	-1033168	-1034728	-1033264	-1032104	-1029312	682776	-1030352	-8789912	-1035912	-1035920	-14109648	-1046496	6369512	-20061200	-9965440	12586432	26154336	16330176	-23378048	2319328	-7402496	-7974976	-22083872	-636416	32608064	-5842176	-552256
-73932	-79582	-102453	-95747	-71151	-106840	93111	-153596	-162570	-151226	-151558	-124649	-136974	-115827	-159425	-143704	-167631	-184718	-171599	-123784	-2567	-4517	116204	211566	574671	994128	2107168	4410472	8547536	8537807	8526109	8650605	17304914	34007547	68434878	136619920	136726885	273514646	546863373	1093754218	2189423114	4386993953	8808175376	8808207883	17761161432	36113102074	74618335244	158855352883	356286011271	867081115955	867081131164	867081137403	867081108882	510795112706	351939794964	277321457302	241208281542	223447165408	214638947740	210251946538	208062509708	206148457050	824865518608	3300009917008	-33488	326776	355632	-565392	-596960	-560952	3299463053584	-33336	326912	355472	-565672	-5098528	-25438744	824593019448	942568	-43832	-688664	-480832	118264	-888680	206010908952	-982104	258720	830592	115752	610200	-1820440	51434528040	12824144192	3188253200	789331984	192705472	45992848	437888	9345184	-1098288	-1101808	-1103728	-1102392	-1101344	-1098328	515584	-1098720	-9450984	-1104968	-1105336	-15354264	-1116288	6882728	-21626640	-10628160	13413152	28188608	17467232	-25068064	2476480	-7924192	-8601824	-23640544	-731456	34981184	-6097856	-853376
-69057	-75409	-98135	-91680	-69141	-100581	70353	-145509	-151226	-145108	-144206	-117003	-126639	-105654	-151035	-135825	-160639	-176008	-162470	-115857	-2357	9775	118485	205856	561353	969282	2058320	4296564	8345820	8336074	8327083	8440961	16882223	33194800	66787509	133338374	133435403	266935701	533706778	1067503305	2137029810	4282663963	8601403352	8601434574	17354879564	35329367305	73165337417	156406096239	353212120822	868226703365	868226717807	868226722326	868226694944	515014587168	358608524710	285443186110	250113750588	232758913458	224157471144	219874799930	217737758002	215869682444	863743976060	3455510497520	-47904	290592	323664	-555608	-567392	-542264	3454976790600	-47912	290592	323352	-556016	-4617848	-23186808	863477962016	872760	-48296	-653768	-445360	96560	-835656	215735467640	-920176	227880	753504	111752	553544	-1698480	53867284912	13433166960	3340950248	827638968	202403584	48459392	398856	10074504	-1017768	-1020928	-1022424	-1021016	-1019776	-1017008	794008	-1018168	-8655160	-1023592	-1023528	-13842432	-1033736	6280360	-19719072	-9823456	12423456	25739680	16098432	-23070944	2234208	-7352032	-7899488	-21803584	-673024	32051136	-5819392	-522368
-69176	-75545	-97813	-91307	-68688	-100500	74075	-145499	-151558	-144206	-144192	-116933	-126846	-106044	-150670	-135402	-159821	-175357	-162033	-115784	-2395	6631	116039	203614	554831	958675	2034697	4249586	8250668	8240978	8231574	8345779	16692572	32817096	66030622	131825996	131923349	263908936	527656080	1055385452	2112730548	4233796662	8502551852	8502582769	17152644095	34906623217	72246475105	154274306410	347771143405	852632888061	852632902860	852632907555	852632880048	504861749862	350587476892	278341000344	243434309578	226281707832	217779116942	213545312954	211432570284	209585690474	838604981052	3354948471646	-43568	293056	324992	-548672	-565000	-538520	3354420815448	-43528	293064	324704	-549016	-4649408	-23306520	838341998656	873568	-47736	-651424	-446224	99328	-833080	209452992176	-919072	231192	757864	111248	556416	-1697896	52297425584	13041084000	3243122736	803280592	196362720	46976232	400592	9712624	-1019320	-1022536	-1024112	-1022688	-1021504	-1018720	710440	-1019744	-8690704	-1025288	-1025304	-13948792	-1035680	6308112	-19823296	-9845184	12446336	25862080	16147296	-23132960	2261152	-7349856	-7915904	-21857568	-661120	32200896	-5790976	-574016
-56735	-61146	-78887	-73850	-54939	-82187	68599	-118332	-124649	-117003	-116933	-96118	-105121	-88680	-122841	-110686	-129549	-142249	-132292	-95270	-1969	-1028	91129	164151	446314	771655	1636430	3422797	6637101	6629407	6620693	6716035	13434333	26404156	53132281	106071995	106153780	212355357	424581805	849194238	1699898526	3406221602	6839400260	6839425289	13792869353	28050980630	57985430249	123543689302	277456794900	676552623329	676552635081	676552639654	676552617760	399095834256	275552172072	217566739990	189515702922	175722868364	168883435658	165477208480	163777299470	162291228778	649375870478	2597928811202	-28872	249008	272056	-440224	-461232	-435208	2597504229328	-28816	249072	271872	-440480	-3894016	-19444528	649164290616	723568	-35312	-532688	-368968	88368	-684232	162184440864	-756712	196328	633744	90280	466192	-1399496	40493156448	10096513312	2510324032	621568752	151800688	36252816	335560	7402880	-842856	-845536	-846968	-845952	-845120	-842792	446320	-843144	-7230872	-847912	-848160	-11704216	-856584	5265056	-16526512	-8139696	10294880	21568768	13400320	-19189440	1887264	-6076000	-6588512	-18125184	-553920	26767040	-4717824	-606400
-63360	-66995	-84872	-79773	-59215	-90994	87438	-128042	-136974	-126639	-126846	-105121	-117938	-99988	-134088	-121654	-139994	-153647	-143496	-105066	-2172	-11130	94423	176760	479900	830613	1758887	3686540	7134119	7126101	7114246	7222430	14451796	28391513	57139610	114066894	114159304	228367286	456598147	913189800	1827905026	3662312587	7351920153	7351947404	14819791829	30112998255	62143942449	132001524599	294941541442	713810667752	713810680620	713810686890	713810663148	418869135158	286867639958	224723694402	194610633256	179790880196	172438923346	168776604812	166948687510	165350602844	661629209168	2646974288300	-22464	288752	307912	-468632	-506976	-466392	2646517690104	-22384	288824	307800	-468840	-4422968	-21933936	661401725536	803592	-32768	-579736	-414224	104960	-753536	165235747088	-836040	226064	718936	94904	529304	-1554936	41252005224	10284205904	2556199536	632620096	154285576	36752008	381064	7362632	-939504	-942632	-944496	-943488	-942800	-940144	299672	-939760	-8123840	-945448	-946136	-13329936	-954992	5959896	-18601728	-9029856	11443264	24305344	14961376	-21475872	2068064	-6820864	-7457664	-20272448	-704256	29957888	-5118784	-965632
-53535	-55988	-70757	-66528	-48999	-76605	79651	-107243	-115827	-105654	-106044	-88680	-99988	-85686	-112635	-102207	-116834	-128568	-120502	-88823	-1848	-14262	76330	146603	397141	687937	1455599	3055169	5905688	5899130	5888470	5980798	11968069	23505687	47310885	94443231	94522577	189083683	378055096	756082466	1513374148	3031903502	6085455817	6085478504	12263148104	24903177475	51334042031	108813467124	242277930402	583303640594	583303651316	583303657011	583303637264	341025718602	232212276120	180878231120	155974999926	143711884508	137626397710	134594489344	133081104576	131757944576	527219529762	2109256905736	-13112	249472	263648	-386800	-425296	-388216	2108878850624	-13024	249576	263624	-386952	-3789064	-18751296	527031202704	683240	-24576	-487152	-351256	94360	-635888	131662837360	-706144	195904	615768	79568	453944	-1315664	32868579880	8193300856	2036023136	503701128	122717944	29176888	326000	5761184	-797264	-799928	-801576	-800848	-800312	-798048	145304	-797464	-6931208	-802400	-803104	-11445080	-810624	5089320	-15904240	-7684768	9718624	20759936	12732800	-18292896	1786752	-5779456	-6346304	-17241696	-587392	25558656	-4292480	-901696
-73391	-79352	-102761	-95790	-72141	-106174	80290	-152084	-159425	-151035	-150670	-122841	-134088	-112635	-159174	-142765	-167633	-184174	-170115	-122128	-2438	5506	121701	214800	584835	1010595	2144518	4481191	8697301	8687231	8676835	8798303	17598109	34596316	69611254	138973039	139076629	278220836	556269681	1112618034	2227308004	4463430961	8963812160	8963845084	18083557473	36802625224	76176699247	162690259052	366830324541	899671238673	899671254063	899671259169	899671230096	532840919996	370150696492	293973995842	257171298004	239087785498	230123931952	225660493240	223433172266	221486139212	886220984158	3545441155844	-45304	312976	345120	-576560	-597232	-564744	3544884886080	-45256	313048	344896	-576872	-4933240	-24721816	885943749896	923656	-46856	-684256	-473920	106752	-881336	221346243280	-969360	245096	806216	114416	591904	-1796536	55267172600	13781715368	3427350768	848936176	207534456	49655016	424608	10266000	-1078648	-1082064	-1083768	-1082384	-1081064	-1078104	752664	-1079152	-9212728	-1085024	-1085064	-14830240	-1095272	6698528	-21017280	-10425600	13148000	27397632	17057920	-24540128	2371168	-7817984	-8414464	-23136928	-748864	34065600	-6089856	-688704
-66642	-71642	-92358	-86242	-64906	-96002	76165	-136560	-143704	-135825	-135402	-110686	-121654	-102207	-142765	-129202	-150409	-165372	-152635	-110070	-2250	1515	107627	192175	523049	903940	1917436	4009523	7776887	7767778	7757901	7868419	15739627	30938117	62253267	124282120	124376332	248811908	497470964	994998226	1991814622	3991368198	8015182016	8015211604	16167439621	32893700562	68049017503	145190157168	326840328061	799709759284	799709773019	799709778070	799709752134	472869437194	327679311946	259630292668	226736526480	210569127628	202553907820	198562532870	196570706222	194829494482	779565161758	3118758984212	-38264	287288	313408	-516456	-538608	-505552	3118261513128	-38248	287256	313184	-516808	-4490688	-22436088	779317249176	833112	-40272	-615328	-430824	98104	-793464	194704378264	-875280	222544	732672	100136	537264	-1624536	48614045224	12122140536	3014365128	746536368	182427168	43615288	386000	8969496	-976136	-979256	-980880	-979592	-978552	-975864	609416	-976544	-8349472	-981928	-982136	-13498456	-991640	6089816	-19047136	-9388112	11870208	24862272	15435456	-22203456	2101216	-7105472	-7671808	-20951456	-731456	30822144	-5466176	-739328
-76513	-83669	-109018	-101726	-76802	-111488	76908	-161313	-167631	-160639	-159821	-129549	-139994	-116834	-167633	-150409	-178202	-195282	-180107	-128350	-2600	11824	131786	228441	622892	1075534	2284074	4767415	9261672	9250790	9241125	9366960	18733655	36836244	74113215	147964257	148071517	296215816	592248300	1184601196	2371459620	4752517731	9545273729	9545308494	19260120151	39211091380	81216839942	173666698344	392374493046	965138353318	965138369463	965138374268	965138343680	572763865098	399097204236	317880363262	278669196298	259409123210	249863806346	245111280446	242739807564	240666819474	962961624278	3852439725400	-53568	320776	358144	-616688	-628504	-601816	3851847476960	-53560	320800	357808	-617104	-5104352	-25653176	962666427552	966560	-53536	-724208	-492832	106704	-925840	240517884680	-1018480	251800	833992	123872	612328	-1880512	60055584928	14976550672	3724894800	922788872	225697744	54047888	440536	11251048	-1126624	-1130128	-1131768	-1130208	-1128760	-1125704	901608	-1127144	-9578976	-1133120	-1132976	-15305904	-1144216	6944304	-21823776	-10889600	13755456	28467552	17813952	-25550848	2478720	-8140768	-8735520	-24132768	-740480	35483136	-6451776	-553344
-84332	-92258	-120467	-112069	-84469	-122389	86384	-177463	-184718	-176008	-175357	-142249	-153647	-128568	-184174	-165372	-195282	-215506	-197928	-140776	-2862	11357	143169	249370	679396	1173500	2491458	5203010	10105162	10093550	10083093	10221221	20441515	40191954	80866127	161445386	161563487	323206524	646211822	1292534811	2587525489	5185489825	10414733117	10414771287	21013898892	42779226226	88598287562	189415251355	427824153543	1051868411034	1051868428530	1051868433832	1051868400132	624044262582	434629052606	346030764156	303251454368	282237607146	271822826970	266637328196	264049788068	261787919774	1047472832194	4190538618258	-57160	351416	392680	-674512	-688400	-658976	4189892406336	-57040	351512	392408	-674920	-5618624	-28248608	1047150746576	1061232	-58120	-792584	-542616	118512	-1016592	261625409632	-1116304	277048	918232	132984	672144	-2065160	65325736600	16290684128	4051671088	1003720408	245473344	58776096	482048	12217128	-1239112	-1242920	-1244656	-1242848	-1241264	-1237952	959912	-1239720	-10547400	-1246112	-1245912	-16874944	-1258408	7633904	-24045744	-12002560	15114816	31311360	19566944	-28135808	2747488	-8952288	-9594336	-26524192	-814336	39084160	-7061312	-611584
-77633	-84484	-109917	-102712	-76710	-112956	85747	-164057	-171599	-162470	-162033	-132292	-143496	-120502	-170115	-152635	-180107	-197928	-183638	-131004	-2665	6066	130320	229681	625276	1080267	2292783	4789972	9298093	9287481	9276691	9406085	18813024	36985965	74419122	148571823	148682768	297435711	594688835	1189454679	2381109028	4771571999	9582373390	9582408299	19330356512	39335743277	81403045400	173786913172	391606556903	959569992097	959570008099	959570013647	959569983162	567963441474	394176566166	312773519098	273437698074	254107389336	244524971966	239753392008	237372269068	235290770852	941458607470	3766430129248	-47440	332872	368928	-616672	-636144	-606680	3765835440328	-47344	333000	368680	-617048	-5271032	-26439208	941162221368	991792	-52232	-735704	-502632	115416	-943640	235141212928	-1039072	263824	859792	126848	632104	-1918920	58711122280	14640278752	3640741816	901736976	220410792	52720440	454424	10885624	-1153368	-1156960	-1158728	-1157256	-1155944	-1152816	780680	-1153816	-9853552	-1160072	-1160104	-15837800	-1171640	7149032	-22501824	-11180448	14104128	29329632	18294240	-26231616	2599936	-8297024	-8945760	-24753312	-722944	36522368	-6535552	-651200
-56805	-60816	-78002	-73085	-54567	-82158	70646	-116957	-123784	-115857	-115784	-95270	-105066	-88823	-122128	-110070	-128350	-140776	-131004	-95000	-1949	-3081	89549	162692	442428	765050	1621969	3394003	6578305	6570823	6561516	6657260	13317808	26172294	52667722	105143212	105225068	210497288	420867014	841757076	1684991891	3376274126	6778942471	6778967474	13669660560	27795304607	57436866074	122297365068	274366666775	667981053690	667981065490	667981070322	667981048396	393614393230	271317055108	213880187094	186084826058	172415200350	165636225276	162259945498	160574943080	159101882818	636616628308	2546888131570	-26768	251224	273432	-434840	-459224	-430568	2546467264488	-26736	251280	273280	-435072	-3906184	-19478144	636406910192	722936	-33456	-528640	-368920	89456	-682072	158996027064	-754040	198392	636248	89744	468768	-1397344	39696519488	9897588624	2460712328	609226208	148745552	35505216	337456	7222600	-841720	-844440	-845928	-844968	-844144	-841784	407672	-842048	-7237976	-846896	-847208	-11749712	-855368	5277848	-16548400	-8129264	10282688	21601312	13391968	-19195904	1881920	-6080992	-6604000	-18123616	-568832	26766336	-4686080	-659520
-1173	-1276	-1571	-1492	-1116	-1700	1762	-2423	-2567	-2357	-2395	-1969	-2172	-1848	-2438	-2250	-2600	-2862	-2665	-1949	-60	-409	1521	2996	8142	14127	29838	62738	121235	121077	120906	122842	245708	482051	970491	1937435	1939106	3878632	7755094	15508250	31037355	62163082	124700047	124700508	251012937	508638298	1044143503	2196464230	4827060442	11393600413	11393600713	11393600817	11393600354	6566540108	4370076400	3325932820	2817293514	2566281286	2441580580	2379417382	2348379816	2321239086	9288806464	37162996350	-136	5152	5568	-8688	-9272	-8928	37155241256	-136	5152	5568	-8688	-82296	-405176	9284943864	14680	-880	-10992	-7744	1944	-13496	2319287272	-15552	4112	13032	1696	9384	-28648	578855000	144224600	35803144	8842432	2144312	505320	6984	94000	-17448	-17504	-17536	-17504	-17496	-17448	-4288	-17448	-150072	-17552	-17560	-245144	-17880	108232	-343984	-164864	212608	450848	280672	-391072	40064	-122720	-135680	-374400	-8768	561792	-95232	-13952
-3521	1281	8726	6739	7819	-2173	74786	5452	-4517	9775	6631	-1028	-11130	-14262	5506	1515	11824	11357	6066	-3081	-409	-63672	-41134	-31194	-91550	-151145	-337059	-655217	-1354527	-1351824	-1361848	-1346488	-2676794	-5348179	-10704977	-21400712	-21386386	-42810314	-85580238	-171455136	-343930952	-692181362	-1402326153	-1402329402	-2877344327	-6047532599	-13270303463	-31249670852	-81351741429	-238145060011	-238145059607	-238145053057	-238145050596	-156793304770	-125543637542	-112273339940	-106225809410	-103348463908	-101946142546	-101253959262	-100910032250	-100610165648	-402483599216	-1610019825716	67280	74360	48432	92776	15496	57320	-1609934245216	67528	74696	48992	93232	-795448	-3158800	-402440640864	56760	26352	17560	-38672	53952	-1416	-100588758248	-27288	65264	114264	-12960	86224	-75848	-25136418872	-6278723248	-1566966104	-390295728	-96903320	-23841896	64320	-5896184	-71376	-72200	-73520	-73872	-75312	-74848	-1425592	-71112	-1005824	-73336	-75376	-2532008	-76528	860336	-2570816	-583088	862240	3439776	1536000	-2012192	302208	-485024	-929888	-1936640	-111680	3598208	308992	-1248000
52512	59397	81094	74997	57852	77875	-17402	116090	116204	118485	116039	91129	94423	76330	121701	107627	131786	143169	130320	89549	1521	-41134	-116272	-180946	-496448	-853352	-1820874	-3774417	-7373316	-7364123	-7361298	-7444220	-14882949	-29313304	-58946474	-117697421	-117767510	-235608665	-471065578	-942361980	-1886890058	-3782995372	-7604534824	-7604561312	-15369881072	-31393149568	-65424334686	-141444210364	-325357519102	-820770085041	-820770095540	-820770096109	-820770073670	-495412563208	-353968381322	-288544048404	-257150844802	-241780996686	-234176433394	-230393431420	-228506533610	-226857543262	-907664505956	-3631129720320	73032	-196288	-232320	480496	454808	450448	-3630658654448	73208	-196048	-231712	481120	3249696	16745856	-907429556448	-660456	47888	519784	329712	-50456	660344	-226739150624	709888	-147664	-541456	-95296	-399080	1300448	-56625972816	-14126799176	-3516437544	-872282544	-214125568	-51620632	-283712	-11248336	765568	767672	768280	767208	765520	763568	-1420824	766032	6324824	769280	768352	9709768	774760	-4558232	14288976	7465920	-9342784	-18596128	-11883616	17264000	-1576128	5589888	5806336	16237568	538048	-23377600	4716672	-98880
96736	105744	139850	130117	98659	141190	-81454	204437	211566	205856	203614	164151	176760	146603	214800	192175	228441	249370	229681	162692	2996	-31194	-180946	-303856	-829222	-1429579	-3040628	-6332549	-12320496	-12305731	-12294114	-12453210	-24906927	-49005584	-98578971	-196813248	-196948842	-394005356	-787764926	-1575748325	-3154704058	-6323067638	-12703331840	-12703377326	-25646793205	-52270907363	-108492439307	-232859802138	-529364443505	-1313607328432	-1313607347506	-1313607352775	-1313607314046	-784242889072	-551383135728	-442890695798	-390619689732	-364972956550	-352269570464	-345946492248	-342791771672	-340034349324	-1360529027452	-5442905109672	85784	-402704	-449656	799880	805456	769360	-5442117344384	85944	-402480	-448936	800712	6363528	32173464	-1360136305504	-1223024	66864	920112	617840	-127512	1185928	-339836292856	1291096	-308080	-1049432	-161320	-774568	2384272	-84860774920	-21165527072	-5265820224	-1305176552	-319665784	-76745984	-551704	-16256736	1421440	1425744	1427728	1426064	1423944	1420144	-1600512	1422104	12025368	1429400	1429072	19128912	1441328	-8756200	27369456	13796000	-17334720	-35665664	-22341920	32351200	-3022464	10370592	11052736	30435392	1054592	-44352448	8254784	672512
263016	288124	381139	354693	269492	384294	-212844	556740	574671	561353	554831	446314	479900	397141	584835	523049	622892	679396	625276	442428	8142	-91550	-496448	-829222	-2265020	-3903895	-8305018	-17291239	-33650034	-33609681	-33578917	-34010166	-68020287	-133839036	-269224915	-537511905	-537878526	-1076053194	-2151433546	-4303491836	-8615809045	-17269199404	-34695755211	-34695879220	-70051874144	-142791115636	-296444549591	-636536193755	-1448057197842	-3596870408165	-3596870460558	-3596870474235	-3596870368334	-2148813220144	-1512277159514	-1215832608800	-1073041225816	-1002989514910	-968293612482	-951024383906	-942408530408	-934877811054	-3740580848694	-14964478169306	241704	-1085848	-1217696	2189616	2195688	2102184	-14962326734776	242160	-1085208	-1215736	2191864	17225472	87153720	-3739508269384	-3320272	187392	2506720	1678976	-337816	3225640	-934336914616	3511568	-831304	-2840200	-440168	-2095360	6481584	-233315758576	-58193298960	-14478517448	-3588803736	-879101736	-211111368	-1495168	-44801944	3860440	3872112	3877360	3872704	3866808	3856448	-4492784	3862304	32601584	3881928	3880824	51730352	3914160	-23721704	74142880	37436720	-47075200	-96651392	-60630592	87736352	-8178496	28162208	29966336	82590144	2854080	-120272576	22501376	1664704
455162	498240	658247	612559	465281	664653	-376408	962218	994128	969282	958675	771655	830613	687937	1010595	903940	1075534	1173500	1080267	765050	14127	-151145	-853352	-1429579	-3903895	-6729840	-14314694	-29808786	-58001299	-57931895	-57877676	-58624611	-117250704	-230696886	-464066243	-926512827	-927147934	-1854803027	-3708447816	-7417942251	-14851019898	-29766493690	-59802876165	-59803090082	-120738681470	-246088189759	-510814280389	-1096521123371	-2493295786071	-6189013665571	-6189013756467	-6189013780732	-6189013597662	-3695717897890	-2599197004184	-2088382721322	-1842294069724	-1721555670440	-1661752539362	-1631985995328	-1617134898274	-1604154155148	-6418460265654	-25677555300664	409992	-1884008	-2109384	3773784	3793512	3627288	-25673846851176	410752	-1882952	-2106048	3777600	29861944	150994576	-6416611482568	-5744616	321616	4330960	2906912	-589712	5575464	-1603221794608	6072432	-1444008	-4921504	-759184	-3630784	11211480	-400342693896	-99851867336	-24842631872	-6157548552	-1508183840	-362116320	-2590456	-76751360	6680912	6701192	6710384	6702312	6692256	6674320	-7600176	6684112	56464688	6718256	6716520	89696848	6774336	-41093800	128446704	64782432	-81466624	-167436800	-104969856	151875200	-14184128	48723328	51887840	142966688	4931072	-208310976	38858624	3000192
964075	1056477	1397839	1300662	988360	1408773	-779014	2041889	2107168	2058320	2034697	1636430	1758887	1455599	2144518	1917436	2284074	2491458	2292783	1621969	29838	-337059	-1820874	-3040628	-8305018	-14314694	-30452772	-63401709	-123386653	-123238763	-123126204	-124706634	-249412474	-490754706	-987180155	-1970921637	-1972265332	-3945616302	-7888765736	-15779826086	-31592021215	-63321879424	-127220896749	-127221351332	-256863780333	-523583862594	-1087006709331	-2334094720702	-5309968273644	-13190046758259	-13190046950449	-13190047000383	-13190046611966	-7880078520270	-5545984287568	-4458977574358	-3935392732070	-3678529549924	-3551308113704	-3487986127194	-3456393943220	-3428780684712	-13719044721980	-54884079896988	886136	-3978616	-4462936	8026552	8048384	7706928	-54876191127608	887840	-3976264	-4455680	8034832	63130824	319448248	-13715111836360	-12172272	687640	9190592	6152776	-1238800	11825696	-3426797358984	12872520	-3047400	-10409840	-1616296	-7681120	23758008	-855714925760	-213431372368	-53101879528	-13162436240	-3224246688	-774293096	-5479472	-164333240	14150352	14193104	14212296	14195208	14173520	14135592	-16492696	14157168	119499832	14229056	14224904	189595056	14347120	-86940680	271778192	137262416	-172574528	-354258880	-222253216	321618016	-30017344	103201824	109806304	302735456	10416960	-440886784	82505536	6044096
2020083	2209357	2917976	2715704	2061732	2948344	-1686684	4265859	4410472	4296564	4249586	3422797	3686540	3055169	4481191	4009523	4767415	5203010	4789972	3394003	62738	-655217	-3774417	-6332549	-17291239	-29808786	-63401709	-132041866	-256904307	-256596973	-256355080	-259671689	-519350794	-1021828382	-2055507030	-4103833464	-4106654246	-8215552375	-16425973406	-32856528107	-65779967106	-131844865768	-264882830817	-264883779482	-534774571445	-1089935121486	-2262276241200	-4855686637369	-11038936314790	-27394361155604	-27394361558386	-27394361667151	-27394360855908	-16355424924758	-11499739306006	-9237463053038	-8147525880552	-7612752561522	-7347868599014	-7216023510520	-7150243200104	-7092747147058	-28379154611344	-113533070139386	1803120	-8374688	-9368368	16722912	16824152	16077664	-113516644158696	1806336	-8370136	-9353888	16739736	132630624	670471504	-28370965797904	-25493656	1416784	19205576	12906352	-2630184	24730672	-7088617371352	26939144	-6417168	-21857824	-3358832	-16122720	49749088	-1770104669512	-441490551680	-109839613840	-27224717152	-6667954088	-1600868816	-11503384	-339126408	29650824	29740840	29781872	29746224	29701792	29622128	-33397856	29665008	250689768	29816808	29809456	398429280	30066192	-182461584	570316368	287489696	-361521568	-743422912	-465920768	674157984	-62944448	216289824	230394752	634576224	21950272	-924795200	172294272	13597312
3911832	4285769	5669708	5275150	4008102	5714356	-3171741	8280935	8547536	8345820	8250668	6637101	7134119	5905688	8697301	7776887	9261672	10105162	9298093	6578305	121235	-1354527	-7373316	-12320496	-33650034	-58001299	-123386653	-256904307	-499948274	-499348721	-498893335	-505303717	-1010598973	-1988471088	-3999933169	-7985931391	-7991382191	-15987160704	-31964320304	-63937898754	-128006853957	-256571751782	-515480085835	-515481929390	-1040766229736	-2121438760861	-4404179493862	-9456505908082	-21511489289596	-53429023526552	-53429024307303	-53429024509541	-53429022933288	-31917534381544	-22461030453134	-18056850944014	-15935408209614	-14894644406700	-14379162132780	-14122589946600	-13994582432238	-13882696904658	-55546678911518	-222218729634998	3583032	-16139080	-18103392	32552296	32643320	31259304	-222186765300208	3589648	-16129848	-18074488	32585520	256137312	1295977280	-55530743398544	-49367544	2786128	37274144	24971680	-5030552	47955984	-13874660660992	52208672	-12360392	-42231216	-6538176	-31150008	96370744	-3464676456720	-864153863424	-215001300048	-53292370560	-13054176712	-3134826720	-22223808	-665162008	57403984	57577432	57655216	57585640	57497616	57343712	-66583368	57431792	484802592	57723296	57706304	769226928	58203568	-352661248	1102568320	556758256	-699990496	-1437128224	-901578048	1304610720	-121758528	418684224	445467136	1228021984	42281408	-1788734080	334576128	24571904
3907288	4280712	5662954	5268873	4003374	5707745	-3169379	8271349	8537807	8336074	8240978	6629407	7126101	5899130	8687231	7767778	9250790	10093550	9287481	6570823	121077	-1351824	-7364123	-12305731	-33609681	-57931895	-123238763	-256596973	-499348721	-498750388	-498295074	-504698344	-1009388633	-1986088609	-3995141762	-7976364314	-7981808997	-15968008719	-31926028370	-63861299862	-127853489512	-256264313366	-514862239506	-514864080866	-1039518113163	-2118892013900	-4398881943935	-9445091057097	-21485373524262	-53363633212606	-53363633992283	-53363634194532	-53363632620138	-31878259833052	-22433170753316	-18034288794154	-15915392811018	-14875877121836	-14361012696798	-14104747949570	-13976893800342	-13865142311518	-55476441498002	-221937741633042	3577840	-16120496	-18083208	32511576	32604232	31221392	-221905815590216	3584432	-16111320	-18054376	32544744	255854360	1294546176	-55460525078736	-49312896	2782744	37229904	24942288	-5025168	47902248	-13857115694640	52148416	-12348720	-42184392	-6531720	-31116200	96260272	-3460294994800	-863060912120	-214729303264	-53224923568	-13037637568	-3130846592	-22199592	-664304776	57338976	57512232	57589912	57520392	57432504	57278776	-66485072	57366736	484266400	57657912	57640936	768388792	58137480	-352267000	1101362192	556152464	-699214496	-1435542016	-900568192	1303159712	-121653888	418192096	444948224	1226640160	42211904	-1786766016	334181696	24534656
3901425	4275519	5657607	5263546	3999693	5699717	-3150918	8261980	8526109	8327083	8231574	6620693	7114246	5888470	8676835	7757901	9241125	10083093	9276691	6561516	120906	-1361848	-7361298	-12294114	-33578917	-57877676	-123126204	-256355080	-498893335	-498295074	-497843214	-504234331	-1008455737	-1984266326	-3991466529	-7969033036	-7974467539	-15953325842	-31896668546	-63802620547	-127736131436	-256029586330	-514392720913	-514394560492	-1038578329529	-2117008871535	-4395099716914	-9437460176484	-21469840709377	-53331472135566	-53331472914296	-53331473114738	-53331471541850	-31861631567532	-22424173366582	-18029073635832	-15912060800878	-14873484891924	-14359089989396	-14103059969422	-13975323179980	-13863674403530	-55470555337156	-221914167531248	3584992	-16083120	-18049000	32489088	32563704	31194272	-221882270848264	3591552	-16073952	-18020152	32522248	255353992	1292190504	-55454653500608	-49235400	2784920	37185968	24902520	-5008928	47836184	-13855655182744	52074040	-12317848	-42104512	-6523776	-31054568	96117072	-3459933513520	-862972393392	-214708134008	-53220011208	-13036662824	-3130713952	-22155488	-664424576	57249176	57422008	57499272	57429712	57341632	57188216	-66641392	57276984	483423104	57567264	57549824	766846616	58046104	-351611904	1099384880	555293184	-698113760	-1432937024	-899080960	1301005792	-121437312	417536512	444163360	1224619936	42118080	-1783728640	333808000	24218816
3959581	4336181	5733906	5335330	4052883	5782808	-3236986	8377143	8650605	8440961	8345779	6716035	7222430	5980798	8798303	7868419	9366960	10221221	9406085	6657260	122842	-1346488	-7444220	-12453210	-34010166	-58624611	-124706634	-259671689	-505303717	-504698344	-504234331	-510725876	-1021447471	-2009783610	-4042825825	-8071557259	-8077077490	-16158589070	-32307073150	-64623404278	-129379023010	-259321021776	-520999318152	-521001182426	-1051892546778	-2144050016829	-4450854726049	-9555698672727	-21733307025613	-53966518155555	-53966518945882	-53966519152715	-53966517558466	-32233211280840	-22677514610112	-18226659866872	-16082605828654	-15030715737912	-14509714204128	-14250392743480	-14121013050886	-14007927889312	-56047773099652	-224223449780406	3600408	-16354912	-18334680	32905976	33024224	31610448	-224191142692752	3606944	-16345776	-18305752	32939360	259452320	1312442200	-56031666821200	-49971656	2809952	37709416	25283336	-5109368	48523344	-13999805426432	52835992	-12529712	-42771312	-6608568	-31547096	97539320	-3495919911600	-871943110056	-216937461552	-53771583568	-13171075248	-3162685264	-22509032	-670756120	58109824	58285584	58364712	58294352	58205744	58049856	-66824496	58137880	490906464	58433552	58416976	779225104	58920784	-357128160	1116538944	563559856	-708586272	-1455359072	-912803776	1320760864	-123317440	423817696	451062656	1243243040	42810688	-1811245376	338427008	25266880
7921765	8673479	11466865	10670294	8105014	11568704	-6496496	16754793	17304914	16882223	16692572	13434333	14451796	11968069	17598109	15739627	18733655	20441515	18813024	13317808	245708	-2676794	-14882949	-24906927	-68020287	-117250704	-249412474	-519350794	-1010598973	-1009388633	-1008455737	-1021447471	-2042896846	-4019556427	-8085641107	-16143083626	-16154131242	-32317125188	-64614047464	-129246541411	-258757339787	-518639934820	-1041991528482	-1041995256874	-2103759399999	-4288002692312	-8901331061013	-19109905670416	-43460691040066	-107909431708142	-107909433288490	-107909433704929	-107909430517048	-64448740975246	-45338839308178	-36437508210270	-32149497472468	-30045742985858	-29003747023310	-28485106211278	-28226347530596	-28000177635502	-112032833487454	-448196048690808	7185544	-32744608	-36692736	65791368	66057528	63207568	-448131434614272	7198672	-32726232	-36634816	65858168	519263168	2626408280	-112000621057896	-99979872	5610592	75422496	50585584	-10235512	97069632	-27983932721552	105700384	-25085872	-85599032	-13218288	-63140792	195140952	-6987920327048	-1742906354904	-433629957776	-107481983752	-26326849704	-6321556488	-45049704	-1340502312	116263056	116615000	116773840	116633344	116456704	116144728	-133358024	116319064	982311800	116911360	116879144	1559605208	117885984	-714719832	2234311200	1127499200	-1417690496	-2912386976	-1826386688	2642722240	-246706432	847999968	902663008	2487596128	85773824	-3624131008	676856704	51099072
