-114	-128	-145	1	315	257	307	272	279	290	291	241	248	234	1094	5386	27016	27042	27029	26988	27001	27018	27036	26983	134810	5	20	10	26870	5320	955	15	-10	-10	0	-475
-128	-204	-209	18	726	611	713	632	669	688	669	559	624	526	2475	12197	61178	61263	61243	61142	61199	61197	61245	61159	305590	60	70	30	60930	12100	2215	25	75	25	30	-1100
-145	-209	-246	19	786	660	757	677	719	734	721	593	656	578	2732	13453	67488	67581	67561	67440	67488	67506	67556	67442	336970	35	50	10	67175	13325	2425	20	55	-10	20	-1250
1	18	19	-20	-239	-228	-237	-222	-220	-232	-217	-215	-227	-200	-1005	-4945	-24782	-24826	-24822	-24805	-24803	-24804	-24803	-24805	-123940	-10	-5	10	-24725	-4915	-900	0	-95	-25	-25	525
315	726	786	-239	-4784	-4198	-4689	-4231	-4363	-4529	-4376	-3876	-4235	-3605	-17642	-86754	-435050	-435741	-435642	-435105	-435293	-435302	-435477	-435153	-2174215	-275	-260	5	-433545	-86125	-15665	-65	-1060	-255	-300	9000
257	611	660	-228	-4198	-3750	-4120	-3745	-3845	-3995	-3848	-3466	-3761	-3221	-15819	-77781	-390029	-390653	-390571	-390119	-390256	-390265	-390399	-390163	-1949435	-235	-220	30	-388745	-77245	-14065	-45	-1030	-250	-295	8050
307	713	757	-237	-4689	-4120	-4612	-4157	-4274	-4449	-4296	-3821	-4162	-3535	-17314	-85144	-426954	-427635	-427537	-427032	-427217	-427215	-427376	-427086	-2133910	-285	-260	-5	-425520	-84535	-15375	-70	-1070	-280	-310	8850
272	632	677	-222	-4231	-3745	-4157	-3774	-3860	-4011	-3879	-3468	-3766	-3218	-15766	-77533	-388782	-389397	-389306	-388857	-389000	-389011	-389150	-388898	-1943120	-230	-220	30	-387495	-76990	-14015	-45	-995	-250	-275	8050
279	669	719	-220	-4363	-3845	-4274	-3860	-4012	-4145	-3999	-3541	-3884	-3297	-16128	-79305	-397728	-398364	-398279	-397768	-397958	-397955	-398128	-397822	-1987680	-260	-240	5	-396325	-78735	-14325	-45	-970	-220	-275	8200
290	688	734	-232	-4529	-3995	-4449	-4011	-4145	-4330	-4129	-3695	-4041	-3440	-16796	-82646	-414397	-415071	-414992	-414492	-414680	-414665	-414810	-414552	-2071320	-310	-265	-15	-413065	-82080	-14995	-95	-1065	-285	-330	8400
291	669	721	-217	-4376	-3848	-4296	-3879	-3999	-4129	-4042	-3559	-3868	-3280	-16107	-79140	-396920	-397537	-397438	-396953	-397127	-397137	-397310	-397003	-1983555	-230	-230	15	-395485	-78555	-14220	-25	-950	-215	-260	8375
241	559	593	-215	-3876	-3466	-3821	-3468	-3541	-3695	-3559	-3234	-3476	-2980	-14705	-72280	-362432	-363013	-362935	-362545	-362663	-362667	-362775	-362585	-1811610	-220	-195	25	-361250	-71770	-13030	-45	-985	-255	-285	7600
248	624	656	-227	-4235	-3761	-4162	-3766	-3884	-4041	-3868	-3476	-3806	-3234	-15824	-77852	-390361	-390997	-390919	-390457	-390622	-390609	-390747	-390512	-1951210	-275	-240	0	-389120	-77330	-14125	-65	-1040	-275	-305	7950
234	526	578	-200	-3605	-3221	-3535	-3218	-3297	-3440	-3280	-2980	-3234	-2798	-13716	-67484	-338355	-338905	-338839	-338453	-338558	-338574	-338671	-338476	-1691205	-200	-175	30	-337280	-67020	-12245	-60	-905	-220	-260	6875
1094	2475	2732	-1005	-17642	-15819	-17314	-15766	-16128	-16796	-16107	-14705	-15824	-13716	-67802	-333268	-1671141	-1673853	-1673509	-1671636	-1672100	-1672215	-1672701	-1671722	-8352505	-885	-790	195	-1665515	-330845	-60080	-210	-4510	-1030	-1255	34950
5386	12197	13453	-4945	-86754	-77781	-85144	-77533	-79305	-82646	-79140	-72280	-77852	-67484	-333268	-1638412	-8215440	-8228805	-8227122	-8217939	-8220219	-8220767	-8223118	-8218368	-41062040	-4415	-3915	925	-8188095	-1626555	-295655	-1105	-22240	-5150	-6225	171200
27016	61178	67488	-24782	-435050	-390029	-426954	-388782	-397728	-414397	-396920	-362432	-390361	-338355	-1671141	-8215440	-41194690	-41261676	-41253223	-41207097	-41218564	-41221332	-41233199	-41209245	-205896605	-22075	-19615	4660	-41057195	-8155910	-1482255	-5460	-111375	-25695	-31130	858925
27042	61263	67581	-24826	-435741	-390653	-427635	-389397	-398364	-415071	-397537	-363013	-390997	-338905	-1673853	-8228805	-41261676	-41328788	-41320326	-41274127	-41285616	-41288381	-41300259	-41276280	-206231550	-22130	-19650	4655	-41124000	-8169180	-1484695	-5485	-111585	-25755	-31200	860275
27029	61243	67561	-24822	-435642	-390571	-427537	-389306	-398279	-414992	-397438	-362935	-390919	-338839	-1673509	-8227122	-41253223	-41320326	-41311880	-41265686	-41277181	-41279932	-41291797	-41267844	-206189420	-22150	-19650	4650	-41115615	-8167535	-1484425	-5500	-111580	-25760	-31210	860000
26988	61142	67440	-24805	-435105	-390119	-427032	-388857	-397768	-414492	-396953	-362545	-390457	-338453	-1671636	-8217939	-41207097	-41274127	-41265686	-41219614	-41231054	-41233805	-41245614	-41221764	-205959210	-22115	-19610	4655	-41069765	-8158435	-1482790	-5500	-111535	-25785	-31205	859075
27001	61199	67488	-24803	-435293	-390256	-427217	-389000	-397958	-414680	-397127	-362663	-390622	-338558	-1672100	-8220219	-41218564	-41285616	-41277181	-41231054	-41242556	-41245276	-41257114	-41233229	-206016495	-22175	-19650	4620	-41081165	-8160710	-1483210	-5515	-111530	-25790	-31215	859225
27018	61197	67506	-24804	-435302	-390265	-427215	-389011	-397955	-414665	-397137	-362667	-390609	-338574	-1672215	-8220767	-41221332	-41288381	-41279932	-41233805	-41245276	-41248032	-41259875	-41235957	-206030095	-22120	-19625	4645	-41083855	-8161215	-1483265	-5495	-111505	-25755	-31190	859400
27036	61245	67556	-24803	-435477	-390399	-427376	-389150	-398128	-414810	-397310	-362775	-390747	-338671	-1672701	-8223118	-41233199	-41300259	-41291797	-41245614	-41257114	-41259875	-41271766	-41247772	-206089085	-22115	-19645	4640	-41095555	-8163515	-1483630	-5470	-111470	-25720	-31165	859750
26983	61159	67442	-24805	-435153	-390163	-427086	-388898	-397822	-414552	-397003	-362585	-390512	-338476	-1671722	-8218368	-41209245	-41276280	-41267844	-41221764	-41233229	-41235957	-41247772	-41223936	-205970080	-22155	-19640	4635	-41071940	-8158885	-1482890	-5510	-111555	-25810	-31225	859050
26962	61118	67394	-24788	-434843	-389887	-426782	-388624	-397536	-414264	-396711	-362322	-390242	-338241	-1670501	-8212408	-41179321	-41246310	-41237884	-41191842	-41203299	-41206019	-41217817	-41194016	-205820638	-22155	-19636	4627	-41042185	-8152995	-1481874	-5521	-111492	-25811	-31214	858285
1	12	7	-2	-55	-47	-57	-46	-52	-62	-46	-44	-55	-40	-177	-883	-4415	-4426	-4430	-4423	-4435	-4424	-4423	-4431	-22155	-26	-16	-13	-4430	-891	-182	-15	-22	-18	-16	25
4	14	10	-1	-52	-44	-52	-44	-48	-53	-46	-39	-48	-35	-158	-783	-3923	-3930	-3930	-3922	-3930	-3925	-3929	-3928	-19636	-16	-16	-10	-3921	-785	-153	-9	-12	-11	-9	40
2	6	2	2	1	6	-1	6	1	-3	3	5	0	6	39	185	932	931	930	931	924	929	928	927	4627	-13	-10	-14	921	181	26	-10	2	-7	-6	-50
5374	12186	13435	-4945	-86709	-77749	-85104	-77499	-79265	-82613	-79097	-72250	-77824	-67456	-333103	-1637619	-8211439	-8224800	-8223123	-8213953	-8216233	-8216771	-8219111	-8214388	-41042185	-4430	-3921	921	-8184166	-1625796	-295551	-1115	-22256	-5169	-6237	171030
1064	2420	2665	-983	-17225	-15449	-16907	-15398	-15747	-16416	-15711	-14354	-15466	-13404	-66169	-325311	-1631182	-1633836	-1633507	-1631687	-1632142	-1632243	-1632703	-1631777	-8152995	-891	-785	181	-1625796	-322984	-58737	-229	-4433	-1037	-1246	33905
191	443	485	-180	-3133	-2813	-3075	-2803	-2865	-2999	-2844	-2606	-2825	-2449	-12016	-59131	-296451	-296939	-296885	-296558	-296642	-296653	-296726	-296578	-1481874	-182	-153	26	-295551	-58737	-10750	-61	-827	-210	-242	5990
3	5	4	0	-13	-9	-14	-9	-9	-19	-5	-9	-13	-12	-42	-221	-1092	-1097	-1100	-1100	-1103	-1099	-1094	-1102	-5521	-15	-9	-10	-1115	-229	-61	-16	-10	-12	-11	-40
-2	15	11	-19	-212	-206	-214	-199	-194	-213	-190	-197	-208	-181	-902	-4448	-22275	-22317	-22316	-22307	-22306	-22301	-22294	-22311	-111492	-22	-12	2	-22256	-4433	-827	-10	-102	-38	-34	430
-2	5	-2	-5	-51	-50	-56	-50	-44	-57	-43	-51	-55	-44	-206	-1030	-5139	-5151	-5152	-5157	-5158	-5151	-5144	-5162	-25811	-18	-11	-7	-5169	-1037	-210	-12	-38	-26	-18	60
0	6	4	-5	-60	-59	-62	-55	-55	-66	-52	-57	-61	-52	-251	-1245	-6226	-6240	-6242	-6241	-6243	-6238	-6233	-6245	-31214	-16	-9	-6	-6237	-1246	-242	-11	-34	-18	-18	90
-19	-44	-50	21	360	322	354	322	328	336	335	304	318	275	1398	6848	34357	34411	34400	34363	34369	34376	34390	34362	171657	5	8	-10	34206	6781	1198	-8	86	12	18	-822