-2514	-3755	-5524	-3495	-5665	-192	-12837	-12874	-13048	-13486	-13212	-11054	-12549	-12605	-13046	-13743	-14600	-10962	-11724	-12638	-11009	-10779	-10145	-5607	-82334	-76275	-566278	-3951362	-27712649	-193942121	-1357640497	-1357637852	-9503457588	-66524187954	-465669333029	-3259685326128	-22817797301940	-22817797305757	-22817797306075	-22817797306389	-22817797304293	-22817797302919	-22817797306600	-22817797305495	-22817797303977	-22817797305760	-22817797304064	-67599	-3259685347023	-59171	-43071	-85449	-68166	-87276	-465669347388	-63567	-44828	-57526	-51884	-67655	-66524220147	-17339	-33740	-25823	-47607	-41503	-9503476381	-1357645114	-193992610	-27716857	-4008718	-118034	-610631	-118160	-118405	-118510	-118377	-118076	-153020	-118174	-118475	-118559	-118405	-118069	-601412	-600250	-2904818	-3851841	-2982924	-2875026
-3755	-7782	-9129	-6010	-9890	-386	-24244	-22781	-24253	-24529	-23990	-20150	-21763	-22468	-22859	-25489	-25662	-18643	-19150	-21117	-18715	-18438	-16642	-10214	-137824	-128928	-951464	-6643044	-46583715	-326014345	-2282170984	-2282168222	-15975161570	-111826109012	-782782790293	-5479479522198	-38356356687886	-38356356694994	-38356356695926	-38356356696898	-38356356692674	-38356356690664	-38356356696052	-38356356693497	-38356356690916	-38356356694149	-38356356691114	-108696	-5479479559813	-94171	-70777	-134470	-108850	-137921	-782782815038	-100709	-74487	-91231	-85288	-108773	-111826162084	-30884	-54859	-41104	-79100	-68649	-15975196300	-2282178906	-326093061	-46590796	-6732397	-185892	-1023554	-186627	-186984	-186865	-186417	-185920	-250012	-186669	-187005	-186914	-186417	-186340	-953876	-951727	-4504668	-5952765	-4607519	-4435676
-5524	-9129	-13066	-8302	-13292	-496	-31950	-31624	-32227	-33307	-32600	-27312	-30578	-30960	-31895	-33865	-35768	-26586	-28229	-30406	-26705	-26184	-24594	-13978	-198033	-183994	-1363995	-9518611	-66754894	-467175396	-3270334948	-3270328969	-22892284811	-160245958083	-1121721747544	-7852052220509	-54964365588835	-54964365598062	-54964365598898	-54964365599723	-54964365594595	-54964365591441	-54964365599972	-54964365597211	-54964365593528	-54964365597874	-54964365593697	-158949	-7852052270629	-139125	-101570	-200886	-160846	-204995	-1121721781740	-149688	-105714	-135737	-122906	-159061	-160246034473	-41580	-79842	-61208	-112532	-97685	-22892329922	-3270346037	-467294142	-66765055	-9653413	-277396	-1468621	-277809	-278397	-278572	-278166	-277473	-364707	-277851	-278488	-278642	-278180	-277620	-1414077	-1411151	-6811833	-9032611	-6991124	-6734413
-3495	-6010	-8302	-5480	-8465	-320	-20624	-20152	-20699	-21347	-20867	-17477	-19366	-19729	-20326	-21814	-22765	-16734	-17675	-19083	-16787	-16437	-15436	-8898	-124070	-115392	-854687	-5965003	-41832107	-292757582	-2049369237	-2049365635	-14345548134	-100418815109	-702931731089	-4920522109610	-34443654795564	-34443654801392	-34443654801953	-34443654802554	-34443654799259	-34443654797291	-34443654802617	-34443654800752	-34443654798483	-34443654801213	-34443654798553	-98805	-4920522141115	-86499	-63287	-124628	-99694	-127099	-702931752320	-92897	-65884	-84245	-76335	-98882	-100418862446	-25984	-49588	-38017	-70007	-60963	-14345576378	-2049376203	-292830986	-41838482	-6048455	-171962	-919912	-172291	-172648	-172697	-172424	-172004	-227591	-172326	-172690	-172760	-172438	-172158	-877548	-875679	-4216793	-5589920	-4327386	-4168185
-5665	-9890	-13292	-8465	-14372	-520	-33195	-32786	-33602	-34568	-33910	-28357	-31742	-32088	-32832	-35261	-37013	-27593	-29065	-31606	-27748	-27181	-25324	-14519	-205903	-191694	-1420580	-9913983	-69527474	-486579298	-3406166332	-3406161028	-23843106922	-166901711996	-1168312026898	-8178184174355	-57247289268185	-57247289278345	-57247289279373	-57247289280370	-57247289274747	-57247289271454	-57247289279955	-57247289276845	-57247289273014	-57247289277708	-57247289273377	-166670	-8178184228137	-145614	-106974	-209510	-168049	-214004	-1168312062568	-156135	-111524	-141519	-129010	-166789	-166901791938	-44121	-83426	-63735	-118293	-103138	-23843155448	-3406177978	-486702678	-69538070	-10054135	-289009	-1529997	-289674	-290325	-290395	-289912	-289156	-379869	-289737	-290353	-290465	-289919	-289317	-1477182	-1474116	-7072709	-9370858	-7255920	-6988576
-192	-386	-496	-320	-520	-36	-1332	-1334	-1373	-1411	-1410	-1206	-1312	-1306	-1308	-1407	-1510	-1154	-1171	-1274	-1130	-1125	-1053	-647	-8348	-7846	-57835	-403880	-2831862	-19818892	-138736343	-138736246	-971152821	-6798068483	-47586480936	-333105366108	-2331737564455	-2331737564885	-2331737564927	-2331737564958	-2331737564722	-2331737564655	-2331737564875	-2331737564777	-2331737564644	-2331737564840	-2331737564646	-6265	-333105368099	-5488	-4032	-7854	-6398	-8050	-47586482307	-5901	-4249	-5425	-4942	-6265	-6798071476	-1792	-3276	-2548	-4543	-3899	-971154779	-138736801	-19823468	-2832305	-409024	-10780	-61985	-10815	-10843	-10843	-10815	-10794	-14903	-10815	-10836	-10836	-10815	-10815	-55482	-55272	-259357	-345107	-266168	-256270
-12837	-24244	-31950	-20624	-33195	-1332	-84154	-81415	-84185	-86392	-84556	-71012	-77763	-79781	-81503	-88378	-91661	-67252	-70170	-76207	-67458	-66545	-61486	-36521	-497043	-463827	-3429559	-23938970	-167874637	-1174858533	-8224269469	-8224257065	-57569748895	-402988158281	-2820917207543	-19746420421772	-138224943065439	-138224943089389	-138224943091868	-138224943094515	-138224943080669	-138224943073326	-138224943093354	-138224943085843	-138224943076683	-138224943087917	-138224943077235	-389760	-19746420549443	-339493	-250733	-488943	-394849	-500304	-2820917294356	-365540	-262465	-332185	-305060	-389991	-402988348189	-106764	-197778	-150451	-280259	-241500	-57569866557	-8224297557	-1175147344	-167899907	-24265892	-675948	-3687404	-677740	-679098	-679140	-677775	-676095	-904491	-677789	-679210	-679196	-677796	-677068	-3452155	-3444553	-16498104	-21861448	-16907009	-16279221
-12874	-22781	-31624	-20152	-32786	-1334	-81415	-80584	-82057	-84774	-83175	-69893	-77477	-78677	-80454	-85984	-90743	-67337	-70749	-76510	-67433	-66469	-62168	-36123	-498752	-464853	-3441202	-24017520	-168429570	-1178738116	-8251431490	-8251418593	-57759882192	-404319088696	-2830233722296	-19811636025927	-138681452293159	-138681452316994	-138681452319153	-138681452321306	-138681452308033	-138681452300670	-138681452320586	-138681452313794	-138681452304743	-138681452315945	-138681452305319	-393813	-19811636151209	-344134	-251909	-496699	-399973	-507738	-2830233807737	-370713	-263046	-337295	-306663	-393995	-404319278874	-105420	-199668	-153195	-280840	-242368	-57759997358	-8251459412	-1179031854	-168455021	-24349864	-685790	-3700956	-687253	-688737	-689010	-687785	-686105	-911834	-687267	-688793	-689010	-687771	-686644	-3499678	-3491887	-16777208	-22259965	-17215611	-16580228
-13048	-24253	-32227	-20699	-33602	-1373	-84185	-82057	-84812	-86992	-85199	-71656	-78834	-80483	-82183	-88764	-92498	-68142	-71165	-77282	-68294	-67285	-62404	-36923	-503880	-470148	-3476720	-24268010	-170182366	-1191008701	-8337324570	-8337312198	-58361134842	-408527858508	-2859695110675	-20017865743058	-140125060315397	-140125060339757	-140125060342241	-140125060344717	-140125060330894	-140125060323574	-140125060343499	-140125060336092	-140125060326895	-140125060338262	-140125060327420	-395759	-20017865871850	-345163	-254415	-496762	-400505	-508095	-2859695197807	-371168	-266084	-337267	-308847	-395927	-408528050287	-107653	-200417	-152887	-283731	-245203	-58361253258	-8337352926	-1191301790	-170208066	-24599869	-686119	-3738161	-687820	-689283	-689381	-688044	-686322	-917294	-687862	-689332	-689423	-688044	-687148	-3505593	-3497669	-16745309	-22194011	-17167542	-16531473
-13486	-24529	-33307	-21347	-34568	-1411	-86392	-84774	-86992	-89686	-87789	-73742	-81489	-83050	-84843	-91107	-95614	-70601	-74002	-80109	-70767	-69637	-64959	-38077	-522066	-486828	-3602242	-25142479	-176316646	-1233937298	-8637835980	-8637822617	-60464707674	-423252863927	-2962770152921	-20739391038017	-145175737383666	-145175737408673	-145175737411091	-145175737413506	-145175737399457	-145175737391793	-145175737412615	-145175737405218	-145175737395646	-145175737407359	-145175737396172	-410767	-20739391170253	-358883	-263550	-517195	-416416	-528409	-2962770242544	-386232	-275079	-351029	-320131	-410977	-423253062484	-110537	-207893	-159229	-293293	-253603	-60464828697	-8637865271	-1234242632	-176343307	-25488351	-714000	-3873289	-715617	-717178	-717360	-716051	-714273	-952315	-715652	-717199	-717374	-716009	-714980	-3646104	-3637907	-17453996	-23143435	-17901562	-17237955
-13212	-23990	-32600	-20867	-33910	-1410	-84556	-83175	-85199	-87789	-86270	-72508	-80060	-81395	-83080	-89262	-93685	-69429	-72720	-78787	-69526	-68519	-63855	-37426	-513566	-478971	-3543771	-24734829	-173457777	-1213929645	-8497778039	-8497765173	-59484305870	-416390052981	-2914730474601	-20403113290483	-142821793148888	-142821793173633	-142821793175986	-142821793178380	-142821793164446	-142821793156965	-142821793177321	-142821793170043	-142821793160694	-142821793172318	-142821793161271	-404362	-20403113420564	-353059	-259287	-508830	-409997	-520212	-2914730562856	-379988	-270963	-345625	-315217	-404537	-416390248505	-109130	-205023	-156912	-289142	-249704	-59484425406	-8497806898	-1214230157	-173484031	-25074966	-702527	-3810779	-704186	-705684	-705894	-704550	-702835	-936929	-704193	-705726	-705852	-704529	-703549	-3587773	-3579597	-17162936	-22762166	-17604867	-16953657
-11054	-20150	-27312	-17477	-28357	-1206	-71012	-69893	-71656	-73742	-72508	-61094	-67299	-68353	-69769	-75025	-78676	-58382	-60989	-66179	-58348	-57590	-53601	-31545	-431493	-402546	-2977216	-20781483	-145732774	-1019899625	-7139523623	-7139513162	-49976549248	-349835771587	-2448850487700	-17141953387649	-119993673809955	-119993673830829	-119993673832832	-119993673834806	-119993673823063	-119993673816931	-119993673833762	-119993673827672	-119993673819913	-119993673829686	-119993673820391	-338982	-17141953496493	-295792	-217364	-426076	-343525	-435988	-2448850561752	-318213	-227472	-289618	-264243	-339101	-349835935267	-91917	-172158	-131677	-242844	-209608	-49976650045	-7139547814	-1020151013	-145754819	-21065842	-588252	-3201226	-589673	-590919	-591094	-589939	-588511	-785932	-589666	-590968	-591059	-589939	-589141	-3005590	-2998604	-14355579	-19041694	-14726068	-14182854
-12549	-21763	-30578	-19366	-31742	-1312	-77763	-77477	-78834	-81489	-80060	-67299	-75084	-75817	-77483	-82423	-87440	-65246	-68722	-74205	-65341	-64224	-60351	-34839	-483507	-450391	-3335439	-23278554	-163248570	-1142478557	-7997607396	-7997594658	-55983117355	-391881736761	-2743172256017	-19202205762442	-134415440445262	-134415440468359	-134415440470429	-134415440472356	-134415440459708	-134415440452563	-134415440471839	-134415440465381	-134415440456586	-134415440467411	-134415440457088	-383005	-19202205883581	-335300	-244958	-483658	-388542	-493808	-2743172338130	-360766	-255241	-328006	-297304	-383159	-391881920703	-101500	-193529	-148946	-271964	-235641	-55983227839	-7997634344	-1142764168	-163273390	-23602096	-667114	-3587584	-668374	-669893	-670215	-669095	-667450	-885213	-668402	-669893	-670208	-669053	-667842	-3405731	-3398003	-16329936	-21667555	-16761920	-16143344
-12605	-22468	-30960	-19729	-32088	-1306	-79781	-78677	-80483	-83050	-81395	-68353	-75817	-77178	-78749	-84209	-88791	-65751	-69114	-74674	-65969	-64884	-60685	-35324	-486792	-453707	-3358732	-23441520	-164390070	-1150468448	-8053537066	-8053524230	-56374623267	-394622278003	-2762356044955	-19336492284700	-135355446102616	-135355446125761	-135355446127909	-135355446130082	-135355446117139	-135355446109912	-135355446129484	-135355446122791	-135355446113840	-135355446124726	-135355446114322	-383866	-19336492407645	-335629	-245973	-484225	-389746	-494473	-2762356128532	-361557	-256452	-328608	-299131	-384062	-394622463711	-102704	-194271	-149051	-273539	-236348	-56374735375	-8053564407	-1150754822	-164414964	-23765805	-668493	-3611783	-669893	-671377	-671622	-670425	-668787	-889532	-669928	-671398	-671622	-670404	-669340	-3411415	-3403785	-16360316	-21698082	-16782451	-16160004
-13046	-22859	-31895	-20326	-32832	-1308	-81503	-80454	-82183	-84843	-83080	-69769	-77483	-78749	-80734	-86157	-90772	-67235	-70812	-76494	-67408	-66298	-62096	-36006	-498299	-464110	-3436200	-23982116	-168182229	-1177006642	-8239311272	-8239297767	-57675037451	-403725175117	-2826076327189	-19782534259813	-138477739930742	-138477739954315	-138477739956494	-138477739958627	-138477739945496	-138477739938037	-138477739958328	-138477739951486	-138477739942356	-138477739953438	-138477739942836	-393918	-19782534385096	-344456	-252084	-497014	-399392	-507661	-2826076412474	-370783	-262878	-336938	-306054	-394128	-403725365008	-104748	-199003	-152677	-280301	-242543	-57675151695	-8239339094	-1177300390	-168207620	-24314913	-686175	-3695937	-687505	-689003	-689297	-688135	-686413	-911302	-687540	-689080	-689346	-688107	-686945	-3500910	-3493259	-16803276	-22287748	-17242463	-16606247
-13743	-25489	-33865	-21814	-35261	-1407	-88378	-85984	-88764	-91107	-89262	-75025	-82423	-84209	-86157	-93258	-96833	-71304	-74466	-80963	-71433	-70431	-65178	-38556	-527663	-492192	-3639567	-25405132	-178157255	-1246819869	-8728015467	-8728002352	-61095963101	-427671652569	-2993701673855	-20955911683829	-146691381906532	-146691381932040	-146691381934649	-146691381937339	-146691381922733	-146691381914970	-146691381936134	-146691381928225	-146691381918581	-146691381930516	-146691381919201	-415513	-20955911819045	-362019	-267127	-520982	-419923	-533232	-2993701765453	-389144	-279657	-353535	-323953	-415730	-427671853763	-113099	-210294	-159985	-298256	-257754	-61096087675	-8728045193	-1247127084	-178184027	-25753077	-719901	-3914281	-721735	-723205	-723324	-721903	-720104	-961170	-721756	-723324	-723366	-721917	-720986	-3678381	-3670296	-17569930	-23283575	-18012792	-17347617
-14600	-25662	-35768	-22765	-37013	-1510	-91661	-90743	-92498	-95614	-93685	-78676	-87440	-88791	-90772	-96833	-102554	-76018	-79937	-86320	-76150	-74918	-70235	-40744	-562703	-524336	-3882435	-27096415	-190021422	-1329846595	-9309224866	-9309210036	-65164417010	-456150820859	-3193055860432	-22351390989040	-156459737049096	-156459737075794	-156459737078232	-156459737080585	-156459737065766	-156459737057477	-156459737079934	-156459737072402	-156459737062144	-156459737074685	-156459737062748	-444227	-22351391129928	-388584	-284277	-560812	-451157	-572782	-3193055956531	-418579	-296345	-380569	-345660	-444430	-456151035025	-118370	-224840	-172809	-316050	-273189	-65164545985	-9309256201	-1330177947	-190050119	-27471633	-774004	-4174954	-775509	-777238	-777574	-776258	-774347	-1028958	-775572	-777308	-777616	-776251	-774907	-3950611	-3941756	-18946487	-25136363	-19441240	-18722312
-10962	-18643	-26586	-16734	-27593	-1154	-67252	-67337	-68142	-70601	-69429	-58382	-65246	-65751	-67235	-71304	-76018	-57104	-60054	-64862	-57038	-56157	-52798	-30320	-423010	-393908	-2918157	-20366184	-142825229	-999547151	-6997056101	-6997044955	-48979274788	-342854849458	-2399984032490	-16799888202694	-117599217512714	-117599217532859	-117599217534602	-117599217536214	-117599217525167	-117599217518990	-117599217535789	-117599217530334	-117599217522695	-117599217532158	-117599217523214	-336105	-16799888307678	-294231	-214718	-424739	-341502	-433972	-2399984104588	-316869	-223860	-288295	-261016	-336266	-342855010568	-89159	-170310	-131187	-238749	-206465	-48979371658	-6997079607	-999797750	-142846970	-20649923	-585879	-3139227	-586936	-588259	-588602	-587636	-586215	-775782	-586964	-588322	-588595	-587650	-586502	-2991268	-2984443	-14340977	-19036549	-14722197	-14180551
-11724	-19150	-28229	-17675	-29065	-1171	-70170	-70749	-71165	-74002	-72720	-60989	-68722	-69114	-70812	-74466	-79937	-60054	-63818	-68539	-60252	-59121	-55983	-31647	-446527	-415223	-3079254	-21487285	-150691638	-1054595689	-7382411796	-7382398905	-51676752899	-361737189361	-2532160418232	-17725122900795	-124075860405561	-124075860426451	-124075860428122	-124075860429697	-124075860418420	-124075860411565	-124075860429953	-124075860424393	-124075860416188	-124075860426053	-124075860416655	-356622	-17725123011575	-312858	-227213	-452515	-362726	-461412	-2532160493870	-337176	-236075	-306439	-276115	-356832	-361737360376	-92638	-179830	-138950	-251580	-217980	-51676852962	-7382436663	-1054863684	-150714557	-21790972	-624141	-3313387	-625009	-626458	-626906	-626003	-624484	-822045	-625044	-626493	-626920	-625975	-624610	-3181066	-3174073	-15329797	-20350582	-15743749	-15163932
-12638	-21117	-30406	-19083	-31606	-1274	-76207	-76510	-77282	-80109	-78787	-66179	-74205	-74674	-76494	-80963	-86320	-64862	-68539	-74044	-64943	-63877	-60100	-34277	-482383	-448902	-3326512	-23215016	-162806431	-1139381106	-7975927466	-7975914372	-55831355873	-390819405501	-2735735937919	-19150151536266	-134051060861888	-134051060884821	-134051060886776	-134051060888619	-134051060876087	-134051060868848	-134051060888365	-134051060882103	-134051060873324	-134051060884108	-134051060873968	-385399	-19150151656762	-337344	-245931	-487088	-390831	-497623	-2735736019989	-362929	-256333	-329938	-298291	-385609	-390819590042	-101171	-194432	-149499	-273154	-236705	-55831465921	-7975954371	-1139668950	-162831067	-23541049	-672035	-3579926	-673183	-674688	-675136	-674058	-672406	-886522	-673197	-674772	-675129	-674065	-672651	-3428880	-3421327	-16471105	-21859635	-16913477	-16293529
-11009	-18715	-26705	-16787	-27748	-1130	-67458	-67433	-68294	-70767	-69526	-58348	-65341	-65969	-67408	-71433	-76150	-57038	-60252	-64943	-57264	-56228	-52887	-30246	-423442	-394197	-2921684	-20388902	-142986604	-1000674874	-7004951763	-7004940118	-49034541801	-343241716964	-2402692106079	-16818844716780	-117731913112955	-117731913133005	-117731913134717	-117731913136382	-117731913125378	-117731913118987	-117731913136188	-117731913130666	-117731913122890	-117731913132338	-117731913123377	-337176	-16818844823179	-295323	-215544	-426615	-342874	-435274	-2402692178600	-318332	-224203	-289184	-262150	-337372	-343241879477	-88949	-170345	-131124	-239029	-206780	-49034638373	-7004975600	-1000927396	-143008362	-20675004	-588686	-3143182	-589729	-591066	-591402	-590450	-589036	-777980	-589750	-591080	-591374	-590436	-589288	-3002741	-2996056	-14433881	-19150376	-14812455	-14264341
-10779	-18438	-26184	-16437	-27181	-1125	-66545	-66469	-67285	-69637	-68519	-57590	-64224	-64884	-66298	-70431	-74918	-56157	-59121	-63877	-56228	-55494	-51933	-29873	-416976	-388381	-2876927	-20078102	-140805411	-985410843	-6898099254	-6898088288	-48286577954	-338005972374	-2366041892007	-16562293219704	-115936052631303	-115936052651144	-115936052652857	-115936052654511	-115936052643518	-115936052637410	-115936052654049	-115936052648660	-115936052641089	-115936052650454	-115936052641633	-331135	-16562293324066	-289394	-211463	-418208	-337036	-427707	-2366041963950	-312172	-220857	-284088	-258034	-331303	-338006132450	-88452	-168224	-129115	-236075	-203252	-48286674380	-6898122686	-985658632	-140826728	-20358142	-577619	-3094952	-578732	-579978	-580328	-579327	-577941	-764666	-578725	-580062	-580286	-579355	-578277	-2945880	-2939265	-14140322	-18767588	-14510958	-13976760
-10145	-16642	-24594	-15436	-25324	-1053	-61486	-62168	-62404	-64959	-63855	-53601	-60351	-60685	-62096	-65178	-70235	-52798	-55983	-60100	-52887	-51933	-49364	-27920	-391722	-364418	-2702474	-18858108	-132251912	-925548493	-6479051244	-6479040187	-45353247019	-317472658210	-2222308688600	-15556160797245	-108893125667297	-108893125685612	-108893125687056	-108893125688334	-108893125678533	-108893125672649	-108893125688496	-108893125683771	-108893125676651	-108893125685305	-108893125677035	-311381	-15556160893294	-273511	-198149	-395892	-317569	-403550	-2222308754393	-295057	-205758	-268541	-241374	-311535	-317472807463	-80906	-157556	-122318	-219443	-189875	-45353334159	-6479072936	-925782991	-132272140	-19123615	-545692	-2906932	-546455	-547743	-548128	-547337	-546021	-720412	-546504	-547750	-548135	-547316	-546140	-2781065	-2774772	-13399932	-17799789	-13765864	-13257881
-5607	-10214	-13978	-8898	-14519	-647	-36521	-36123	-36923	-38077	-37426	-31545	-34839	-35324	-36006	-38556	-40744	-30320	-31647	-34277	-30246	-29873	-27920	-16438	-223676	-208758	-1543994	-10777338	-75576680	-528918099	-3702543625	-3702538363	-25917746522	-181424187789	-1269969359222	-8889785501405	-62228498559015	-62228498569796	-62228498570826	-62228498571764	-62228498565759	-62228498562701	-62228498571164	-62228498568183	-62228498564182	-62228498569233	-62228498564414	-174755	-8889785556988	-152705	-111923	-220122	-177576	-225176	-1269969397249	-164430	-117068	-149856	-136353	-174811	-181424272057	-47341	-89019	-68432	-125020	-107786	-25917798284	-3702556032	-529047946	-75588121	-10924074	-303688	-1659343	-304367	-305046	-305144	-304563	-303821	-406791	-304388	-305060	-305137	-304570	-304143	-1551725	-1547959	-7409045	-9834104	-7602693	-7321776
-82334	-137824	-198033	-124070	-205903	-8348	-497043	-498752	-503880	-522066	-513566	-431493	-483507	-486792	-498299	-527663	-562703	-423010	-446527	-482383	-423442	-416976	-391722	-223676	-3145700	-2927612	-21694374	-151400967	-1061769758	-7430667656	-52016366939	-52016282201	-364113680158	-2548795203857	-17841567074497	-124890969334447	-874236786045171	-874236786194710	-874236786207568	-874236786219512	-874236786137558	-874236786090660	-874236786217564	-874236786176994	-874236786119738	-874236786190160	-874236786123953	-2511306	-124890970120063	-2197237	-1602594	-3173793	-2550058	-3243772	-17841567612554	-2366063	-1671460	-2151688	-1947687	-2512643	-2548796409544	-662620	-1269898	-976199	-1782802	-1541666	-364114401189	-52016542669	-7432544623	-1061930639	-153525323	-4380278	-23345714	-4387831	-4397547	-4400452	-4393354	-4382630	-5780194	-4387971	-4398247	-4400445	-4393543	-4384429	-22345687	-22296274	-107321711	-142442069	-110185467	-106143065
-76275	-128928	-183994	-115392	-191694	-7846	-463827	-464853	-470148	-486828	-478971	-402546	-450391	-453707	-464110	-492192	-524336	-393908	-415223	-448902	-394197	-388381	-364418	-208758	-2927612	-2725724	-20194058	-140933639	-988357384	-6916904477	-48419903156	-48419825854	-338938503463	-2372569008175	-16607983658437	-116255885434769	-813791198698180	-813791198837885	-813791198850015	-813791198861335	-813791198784615	-813791198741387	-813791198858427	-813791198820471	-813791198767330	-813791198833036	-813791198771320	-2333667	-116255886166784	-2041095	-1489908	-2947357	-2369626	-3013122	-16607984159431	-2197776	-1554784	-1999088	-1811292	-2334864	-2372570129349	-617932	-1180998	-907361	-1658650	-1433670	-338939176688	-48420066800	-6918647204	-988507044	-142905553	-4067861	-21729134	-4075260	-4084276	-4086845	-4080069	-4070129	-5374866	-4075358	-4084843	-4086754	-4080230	-4072012	-20756701	-20710340	-99611463	-132205087	-102260893	-98507542
-566278	-951464	-1363995	-854687	-1420580	-57835	-3429559	-3441202	-3476720	-3602242	-3543771	-2977216	-3335439	-3358732	-3436200	-3639567	-3882435	-2918157	-3079254	-3326512	-2921684	-2876927	-2702474	-1543994	-21694374	-20194058	-149643324	-1044330183	-7323844218	-51255046923	-358797002571	-358796422181	-2511572915505	-17581006564796	-123067050420189	-861469351649372	-6030285466402246	-6030285467435167	-6030285467523811	-6030285467606473	-6030285467040611	-6030285466717925	-6030285467589641	-6030285467310037	-6030285466915544	-6030285467401666	-6030285466944921	-17312197	-861469357071659	-15147811	-11049773	-21880124	-17586303	-22360730	-123067054131686	-16314627	-11523183	-14837151	-13435016	-17321360	-17581014881920	-4572526	-8757448	-6733447	-12291699	-10626455	-2511577891396	-358798215804	-51267988520	-7324954490	-1058976492	-30196488	-161025410	-30249765	-30317042	-30336621	-30287320	-30213680	-39861626	-30250675	-30321060	-30336110	-30288405	-30226035	-154053984	-153711628	-739779411	-981865381	-759478391	-731585876
-3951362	-6643044	-9518611	-5965003	-9913983	-403880	-23938970	-24017520	-24268010	-25142479	-24734829	-20781483	-23278554	-23441520	-23982116	-25405132	-27096415	-20366184	-21487285	-23215016	-20388902	-20078102	-18858108	-10777338	-151400967	-140933639	-1044330183	-7288190910	-51111752886	-357699506373	-2503977994055	-2503973950298	-17527803401255	-122694597002752	-858862210180048	-6012035462247215	-42084248269617491	-42084248276828235	-42084248277447918	-42084248278025611	-42084248274074330	-42084248271824475	-42084248277904086	-42084248275951514	-42084248273199286	-42084248276592520	-42084248273404645	-120806511	-6012035500087302	-105698103	-77108927	-152668467	-122712205	-156029307	-858862236082634	-113835799	-80419549	-103529251	-93751420	-120870176	-122694655037605	-31917690	-61114172	-46985736	-85783747	-74160877	-17527838139021	-2503986459779	-357789799920	-51119500495	-7390376273	-210696633	-1123760232	-211069635	-211538768	-211675030	-211330280	-210816312	-278162444	-211075893	-211567146	-211671453	-211338057	-210903728	-1074946243	-1072555904	-5161501191	-6850552065	-5298934235	-5104348326
-27712649	-46583715	-66754894	-41832107	-69527474	-2831862	-167874637	-168429570	-170182366	-176316646	-173457777	-145732774	-163248570	-164390070	-168182229	-178157255	-190021422	-142825229	-150691638	-162806431	-142986604	-140805411	-132251912	-75576680	-1061769758	-988357384	-7323844218	-51111752886	-358444453092	-2508530715247	-17560286243137	-17560257875486	-122921705203689	-860451748413608	-6023162457440007	-42162137138866655	-295134960209726120	-295134960260292653	-295134960264637181	-295134960268687806	-295134960240979819	-295134960225198387	-295134960267840834	-295134960254148399	-295134960234846062	-295134960258642073	-295134960236286457	-847242424	-42162137404242338	-741287701	-540778196	-1070709129	-860610002	-1094273782	-6023162639095168	-798361648	-563989846	-726075084	-657493830	-847689339	-860452155425044	-223832035	-428600025	-329517496	-601607930	-520098838	-122921948808533	-17560345614511	-2509163976977	-358498787045	-51828419146	-1477678475	-7880899579	-1480292926	-1483583178	-1484539581	-1482122677	-1478518118	-1950783660	-1480336781	-1483782188	-1484514535	-1482177102	-1479129393	-7538883716	-7522122937	-36199550709	-48045482548	-37163445291	-35798737667
-193942121	-326014345	-467175396	-292757582	-486579298	-19818892	-1174858533	-1178738116	-1191008701	-1233937298	-1213929645	-1019899625	-1142478557	-1150468448	-1177006642	-1246819869	-1329846595	-999547151	-1054595689	-1139381106	-1000674874	-985410843	-925548493	-528918099	-7430667656	-6916904477	-51255046923	-357699506373	-2508530715247	-17555652785284	-122893567195648	-122893368675217	-860252881403479	-6021768854062610	-42152383507884283	-295066684112800208	-2065466790452824695	-2065466790806710452	-2065466790837116321	-2065466790865464969	-2065466790671552012	-2065466790561110052	-2065466790859533164	-2065466790763707003	-2065466790628622671	-2065466790795156683	-2065466790638702843	-5929299243	-295066685969997690	-5187788473	-3784559436	-7493186974	-6022845885	-7658103908	-42152384779174103	-5587208543	-3947006945	-5081324640	-4601375254	-5932426619	-6021771702469194	-1566465509	-2999497025	-2306080616	-4210271758	-3639841359	-860254586249961	-122893982697745	-17560084559031	-2508910964882	-362714971892	-10341295237	-55153519106	-10359593391	-10382619709	-10389312150	-10372397091	-10347171100	-13652290855	-10359900397	-10384012352	-10389136877	-10372777989	-10351450536	-52759702821	-52642402358	-253336403222	-336238134652	-260082030019	-250531354220
-1357640497	-2282170984	-3270334948	-2049369237	-3406166332	-138736343	-8224269469	-8251431490	-8337324570	-8637835980	-8497778039	-7139523623	-7997607396	-8053537066	-8239311272	-8728015467	-9309224866	-6997056101	-7382411796	-7975927466	-7004951763	-6898099254	-6479051244	-3702543625	-52016366939	-48419903156	-358797002571	-2503977994055	-17560286243137	-122893567195648	-860282955200594	-860281565505360	-6021966063129148	-42153753231253812	-295076283325259623	-2065533980179987303	-14458737872902858982	-14458737875380138065	-14458737875592984969	-14458737875791430992	-14458737874433998190	-14458737873660876887	-14458737875749911383	-14458737875079107715	-14458737874133485901	-14458737875299261406	-14458737874204049573	-41506469109	-2065533993180793198	-36315725054	-26492788882	-52454057138	-42161321874	-53608510361	-295076292224578746	-39111761269	-27629954639	-35570454409	-32210689735	-41528361700	-42153773170760867	-10965610957	-20997170873	-16143098482	-29472868726	-25479725579	-6021977997434672	-860285863810492	-122924590652115	-17562948077584	-2539087430656	-72391480189	-386087208017	-72519570130	-72680759788	-72727609143	-72609200587	-72432612749	-95569179489	-72521719263	-72690508702	-72726382316	-72611866915	-72462568367	-369330199189	-368509071210	-1773414266904	-2353745864463	-1820635273149	-1753778302227
-1357637852	-2282168222	-3270328969	-2049365635	-3406161028	-138736246	-8224257065	-8251418593	-8337312198	-8637822617	-8497765173	-7139513162	-7997594658	-8053524230	-8239297767	-8728002352	-9309210036	-6997044955	-7382398905	-7975914372	-7004940118	-6898088288	-6479040187	-3702538363	-52016282201	-48419825854	-358796422181	-2503973950298	-17560257875486	-122893368675217	-860281565505360	-860280175815752	-6021956335304150	-42153685136499209	-295075806661957384	-2065530643536876918	-14458714516401065152	-14458714518878341422	-14458714519091188374	-14458714519289634288	-14458714517932202886	-14458714517159083680	-14458714519248112658	-14458714518577309818	-14458714517631689915	-14458714518797463909	-14458714517702253736	-41506397471	-2065530656537662118	-36315660885	-26492743893	-52453962547	-42161247996	-53608415945	-295075815561261882	-39111691136	-27629909853	-35570391773	-32210635233	-41528289908	-42153705075971538	-10965595620	-20997136209	-16143071035	-29472821231	-25479683894	-6021968269594627	-860284474110411	-122924392074337	-17562919705450	-2539083320900	-72391349429	-386086581398	-72519439748	-72680629105	-72727478180	-72609069554	-72432481989	-95569016655	-72521588860	-72690377970	-72726251304	-72611735931	-72462437894	-369329543219	-368508415933	-1773410944165	-2353741459167	-1820631859221	-1753775017463
-9503457588	-15975161570	-22892284811	-14345548134	-23843106922	-971152821	-57569748895	-57759882192	-58361134842	-60464707674	-59484305870	-49976549248	-55983117355	-56374623267	-57675037451	-61095963101	-65164417010	-48979274788	-51676752899	-55831355873	-49034541801	-48286577954	-45353247019	-25917746522	-364113680158	-338938503463	-2511572915505	-17527803401255	-122921705203689	-860252881403479	-6021966063129148	-6021956335304150	-42153660079332422	-295075556080957205	-2065528967511886154	-14458702750905444266	-101210919337838530781	-101210919355179448325	-101210919356669374854	-101210919358058494142	-101210919348556484538	-101210919343144653194	-101210919357767846833	-101210919353072232015	-101210919346452897623	-101210919354613308128	-101210919346946843217	-290544550114	-14458702841910861499	-254209429264	-185449056534	-367177456870	-295128502438	-375258616922	-2065529029806960550	-273781626489	-193409205073	-248992548469	-225474260802	-290697797166	-295075695657148497	-76759096155	-146979831152	-113001408331	-206309571342	-178357638648	-42153743619280951	-6021986423347622	-860470045032892	-122940337998954	-17773568812510	-506739054563	-2702603874439	-507635684619	-508764009677	-509091953300	-508263094276	-507026982350	-668982586223	-507650728564	-508832251354	-509083365273	-508281758663	-507236672544	-2585304787562	-2579556901453	-12413867285729	-16476177868178	-12744413490711	-12276415936701
-66524187954	-111826109012	-160245958083	-100418815109	-166901711996	-6798068483	-402988158281	-404319088696	-408527858508	-423252863927	-416390052981	-349835771587	-391881736761	-394622278003	-403725175117	-427671652569	-456150820859	-342854849458	-361737189361	-390819405501	-343241716964	-338005972374	-317472658210	-181424187789	-2548795203857	-2372569008175	-17581006564796	-122694597002752	-860451748413608	-6021768854062610	-42153753231253812	-42153685136499209	-295075556080957205	-2065528441246226258	-14458699613339760124	-101210897141634045387	-708476280561941134081	-708476280683327532179	-708476280693757016460	-708476280703480850000	-708476280636966795486	-708476280599083986096	-708476280701446315880	-708476280668577018376	-708476280622241688436	-708476280679364550002	-708476280625699307127	-2033811395903	-101210897778671826103	-1779465602894	-1298143107730	-2570241612526	-2065899050362	-2626809725687	-14458700049405186715	-1916470949806	-1353864140447	-1742947445022	-1578319474193	-2034884124847	-2065529418279344864	-537313561813	-1028858591369	-791009681098	-1444166685346	-1248503197795	-295076140860479426	-42153895752751146	-6023288999116893	-860582177951475	-124414954482168	-3547172574421	-18918222981371	-3553448984477	-3561347257867	-3563642862325	-3557840849906	-3549188068300	-4682877060295	-3553554291973	-3561824949690	-3563582746136	-3557971500713	-3550655900274	-18097129419880	-18056894224943	-86897050950136	-115333218459907	-89210873834152	-85934891726166
-465669333029	-782782790293	-1121721747544	-702931731089	-1168312026898	-47586480936	-2820917207543	-2830233722296	-2859695110675	-2962770152921	-2914730474601	-2448850487700	-2743172256017	-2762356044955	-2826076327189	-2993701673855	-3193055860432	-2399984032490	-2532160418232	-2735735937919	-2402692106079	-2366041892007	-2222308688600	-1269969359222	-17841567074497	-16607983658437	-123067050420189	-858862210180048	-6023162457440007	-42152383507884283	-295076283325259623	-295075806661957384	-2065528967511886154	-14458699613339760124	-101210900965691694788	-708476305697631893571	-4959334143876943118875	-4959334144726647935867	-4959334144799654328073	-4959334144867721165059	-4959334144402122767399	-4959334144136943090824	-4959334144853479427305	-4959334144623394336724	-4959334144299047014948	-4959334144698907060277	-4959334144323250346739	-14236680297497	-708476310156896522801	-12456259682314	-9087002088535	-17991691957652	-14461293888727	-18387668761882	-101210904018149791369	-13415297147210	-9477049329370	-12200632567452	-11048236726226	-14244189400483	-14458706452571844141	-3761195066566	-7202010403259	-5537067971470	-10109167166224	-8739522704402	-2065533060968686134	-295077280975777832	-42163024523663715	-6024075464238377	-870904712988744	-24830208945430	-132427565680382	-24874143817026	-24929431732898	-24945500964881	-24904886876744	-24844317403248	-32780140625554	-24874880969547	-24932775575659	-24945080151551	-24905801432323	-24854592226849	-126679910641088	-126398264267135	-608279379445213	-807332559469744	-624476140251803	-601544264631394
-3259685326128	-5479479522198	-7852052220509	-4920522109610	-8178184174355	-333105366108	-19746420421772	-19811636025927	-20017865743058	-20739391038017	-20403113290483	-17141953387649	-19202205762442	-19336492284700	-19782534259813	-20955911683829	-22351390989040	-16799888202694	-17725122900795	-19150151536266	-16818844716780	-16562293219704	-15556160797245	-8889785501405	-124890969334447	-116255885434769	-861469351649372	-6012035462247215	-42162137138866655	-295066684112800208	-2065533980179987303	-2065530643536876918	-14458702750905444266	-101210897141634045387	-708476305697631893571	-4959334132447953485844	-34715338955090313399538	-34715338961038247108774	-34715338961549291853139	-34715338962025759710708	-34715338958766570932253	-34715338956910313199868	-34715338961926067546824	-34715338960315471916473	-34715338958045040667921	-34715338960844060980881	-34715338958214463990245	-99656761928976	-4959334163662805835587	-87193817641147	-63609014519841	-125941843511148	-101229057070064	-128713681139407	-708476327064838539277	-93907079887964	-66339345203467	-85404427844890	-77337656967375	-99709325649682	-101210945016258560490	-26328365428484	-50414072750377	-38759475745382	-70764170057609	-61176658834417	-14458731405103002465	-2065540963733603419	-295141171223142839	-42168528186445717	-6096332981777122	-173811462353872	-926992958370528	-174119006454253	-174506021864608	-174618506488636	-174334207872125	-173910221558381	-229460984032630	-174124166521865	-174529428764299	-174615560795361	-174340609761430	-173982145323497	-886759373135307	-884787848520240	-4257955649608066	-5651327907714286	-4371332975088282	-4210809845999141
-22817797301940	-38356356687886	-54964365588835	-34443654795564	-57247289268185	-2331737564455	-138224943065439	-138681452293159	-140125060315397	-145175737383666	-142821793148888	-119993673809955	-134415440445262	-135355446102616	-138477739930742	-146691381906532	-156459737049096	-117599217512714	-124075860405561	-134051060861888	-117731913112955	-115936052631303	-108893125667297	-62228498559015	-874236786045171	-813791198698180	-6030285466402246	-42084248269617491	-295134960209726120	-2065466790452824695	-14458737872902858982	-14458714516401065152	-101210919337838530781	-708476280561941134081	-4959334143876943118875	-34715338955090313399538	-243007372881314666956896	-243007372922950202955042	-243007372926527516168519	-243007372929862791175074	-243007372907048469706875	-243007372894054665568401	-243007372929164946027996	-243007372917890776605134	-243007372901997757851715	-243007372921590900058327	-243007372903183721108997	-697597334073780	-34715339173594280035667	-610356723986296	-445263102005687	-881592905297279	-708603400068648	-900995768709351	-4959334293447389764538	-657349559752809	-464375416805531	-597830995399330	-541363599216608	-697965280119275	-708476615684313019306	-184298558150196	-352898509538232	-271316330433988	-495349190809347	-428236612192466	-101211119917221603471	-14458786757778213501	-2065988200225651632	-295179697542815435	-42674330906813291	-1216680237472413	-6488950713824985	-1218833046177166	-1221542154051709	-1222329546420465	-1220339456103159	-1217371551904641	-1606226889530823	-1218869166650338	-1221706002349553	-1222308926567323	-1220384269328245	-1217875018260810	-6207315617016402	-6193514944700979	-29805689571717458	-39559295386373175	-30599330850678289	-29475668946121734
-22817797305757	-38356356694994	-54964365598062	-34443654801392	-57247289278345	-2331737564885	-138224943089389	-138681452316994	-140125060339757	-145175737408673	-142821793173633	-119993673830829	-134415440468359	-135355446125761	-138477739954315	-146691381932040	-156459737075794	-117599217532859	-124075860426451	-134051060884821	-117731913133005	-115936052651144	-108893125685612	-62228498569796	-874236786194710	-813791198837885	-6030285467435167	-42084248276828235	-295134960260292653	-2065466790806710452	-14458737875380138065	-14458714518878341422	-101210919355179448325	-708476280683327532179	-4959334144726647935867	-34715338961038247108774	-243007372922950202955042	-243007372964585738960988	-243007372968163052175263	-243007372971498327182529	-243007372948684005710061	-243007372935690201569515	-243007372970800482034535	-243007372959526312609448	-243007372943633293853381	-243007372963226436063536	-243007372944819257110994	-697597334193326	-34715339179542213783563	-610356724090344	-445263102082456	-881592905446519	-708603400189076	-900995768862553	-4959334294297094607140	-657349559864102	-464375416886269	-597830995500746	-541363599309456	-697965280238856	-708476615805699474461	-184298558182907	-352898509598775	-271316330480118	-495349190895265	-428236612267051	-101211119934562557423	-14458786760255500957	-2065988200579624888	-295179697593389637	-42674330914122971	-1216680237678164	-6488950714936760	-1218833046383568	-1221542154258573	-1222329546627343	-1220339456309610	-1217371552110546	-1606226889804341	-1218869166856733	-1221706002556389	-1222308926774180	-1220384269534668	-1217875018466904	-6207315618071519	-6193514945753597	-29805689576714184	-39559295393000082	-30599330855806286	-29475668951062600
