1694	-167	1135	1589	-1791	101	-2861	3064	-192	1672	-1508	-690	3644	-3304	42	-819	9	2543	78	-248	-607	-600	1370	-218	-1282	2659	1395	1708	-3518	1026	2033	4712	-34	-56	-1586	101	-4	1620	-3	11	-182	814	-103	-2487	439	-1709	-1406	-1467	-384	135	-85	-3282	658	-526	-2925	-1211	-735	-1709	596	-1082	1524	2849	-2231	459	1205	-920	3505	-1500	-163	-436	307	38	-2264	489	842	1108	1443	-1262	-222	-4416	1102	-1006	-458	-2143	-2299	-1620	-2078	1508	452	621	-276	-649	386	-1530	1715	61	1209	346	-1912	3127	-497	1123	-375	-1072	-3334	2757	-580	913	-513	1220	-3	-91	-1246	826	-136	-3466	441	-981	-383	-2070	-2999	-1531	1709	-942	1520	-236	70	1883	2662	2153	-250	46	-1656	1162	1845	-700	1382	403	-9	382	24	-2494	-3059	2287	-56	-874	-518	-218	1455	-1011	-651	-808	578	12	1690	351	1101	1088	1749	-1502	-120	2170	-85	619	31	-90	-39	346	-219	-752	2807	79	-604	-2168	30	1394	-14	3681	-2644	-2322	-90	-1840	34	2228	716	1451	-1036	810	474	-585	-2495	-3168	-14	-3145	-4	-3573	3141	2766	77	2897	647
-167	86	-76	-182	206	46	275	-195	-9	-118	189	17	-203	284	-6	172	147	-148	-51	182	61	47	29	72	210	-127	-113	-126	344	-104	-181	-267	3	117	107	-63	9	-212	-4	-78	-2	-70	104	184	-50	297	200	158	21	87	-27	413	10	177	317	142	179	246	-71	195	-87	-183	242	-89	28	30	-249	174	9	222	-63	-32	274	-71	77	-69	-82	129	154	436	-89	94	178	240	269	224	248	-185	84	78	59	44	-62	261	-138	103	-68	-29	228	-303	159	-62	164	219	336	-285	45	40	0	-96	6	-55	58	-77	107	244	-47	185	130	252	246	67	-108	248	-92	114	-10	-110	-192	-90	203	33	223	12	-137	-39	-79	-13	10	71	-13	163	335	-164	9	126	29	98	-127	94	140	166	-47	-72	-104	2	-74	-76	-174	90	27	-159	17	-49	0	-83	132	-28	148	75	-188	101	143	195	-2	24	0	-250	281	161	14	210	-4	-245	35	-114	157	-39	-30	116	259	310	-6	218	8	464	-245	-232	-16	-165	-67
1135	-76	868	990	-1146	173	-1961	2225	-195	1187	-974	-570	2719	-2370	34	-368	252	1912	-56	97	-457	-471	1201	-20	-777	1986	977	1218	-2382	622	1449	3531	-38	96	-1175	-36	16	994	-7	-94	-157	440	107	-1815	295	-930	-862	-966	-291	211	-140	-2076	507	-121	-1983	-754	-310	-1069	312	-507	1060	2081	-1460	231	1042	-765	2534	-1005	-183	-7	106	29	-1479	277	858	762	1063	-797	47	-2981	745	-649	-95	-1451	-1489	-960	-1314	931	550	622	-143	-529	206	-901	1208	332	860	254	-1255	2148	-172	765	-68	-513	-2275	1835	-455	804	-428	827	-31	-171	-965	446	97	-2558	299	-518	-104	-1280	-2111	-1230	1206	-349	1151	14	52	1339	1912	1603	84	111	-1046	979	1300	-661	979	288	-11	497	6	-1818	-2047	1632	-26	-493	-376	-94	991	-609	-306	-448	336	-169	1173	253	824	814	1177	-1126	-131	1571	-48	433	39	-194	164	189	56	-534	2050	183	-227	-1462	30	1236	-28	2668	-1791	-1739	-72	-1192	40	1471	660	930	-619	621	376	-272	-1656	-2123	-6	-2329	14	-2200	2237	1956	37	2122	433
1589	-182	990	1650	-1665	39	-2584	2689	-67	1537	-1387	-539	3120	-2889	36	-913	-210	2223	218	-473	-499	-443	1034	-253	-1219	2281	1258	1536	-3193	1065	1847	4052	-25	-116	-1342	152	-25	1586	15	172	-95	849	-270	-2147	385	-1831	-1362	-1294	-285	40	73	-3119	604	-614	-2673	-1113	-763	-1617	617	-1218	1426	2502	-2018	561	939	-691	3080	-1407	-32	-703	408	67	-2080	560	554	1073	1353	-1179	-383	-4038	1080	-934	-604	-1979	-2105	-1547	-1997	1580	246	378	-238	-491	455	-1556	1558	-106	1149	372	-1741	2883	-586	955	-444	-1149	-3032	2585	-427	649	-320	1089	66	56	-1019	879	-305	-2993	388	-1070	-450	-1936	-2652	-1147	1555	-1099	1290	-369	64	1658	2384	1981	-454	-18	-1549	870	1665	-498	1300	424	-19	92	39	-2152	-2792	2049	-57	-873	-473	-145	1382	-1029	-664	-842	614	188	1579	355	962	859	1644	-1346	-4	1938	-87	632	13	-8	-202	401	-372	-619	2457	7	-717	-1922	0	1024	16	3218	-2336	-1981	-62	-1673	10	2043	542	1489	-938	690	347	-619	-2334	-2924	10	-2633	-36	-3491	2787	2522	69	2529	565
-1791	206	-1146	-1665	2018	-27	3115	-3184	229	-1717	1717	689	-3782	3522	-40	973	114	-2607	-89	414	643	655	-1323	334	1470	-2748	-1470	-1786	3832	-1086	-2118	-4856	21	197	1689	-175	15	-1783	5	8	236	-890	211	2622	-482	1916	1586	1678	422	-60	115	3623	-589	739	3183	1394	956	1944	-677	1276	-1570	-2972	2489	-473	-1141	961	-3685	1632	179	583	-351	-9	2511	-477	-723	-1113	-1439	1413	359	4777	-1122	1135	611	2335	2581	1871	2277	-1581	-327	-564	343	674	-397	1711	-1802	159	-1221	-300	2140	-3286	638	-1242	567	1296	3606	-2937	634	-881	568	-1318	13	90	1316	-908	243	3627	-468	1126	536	2371	3202	1623	-1783	1172	-1583	356	-66	-1993	-2768	-2132	421	-8	1880	-1150	-1951	643	-1408	-372	5	-306	-34	2654	3353	-2385	66	1030	545	337	-1502	1086	839	944	-604	-67	-1744	-336	-1111	-1176	-1862	1542	150	-2237	76	-582	-15	-13	149	-357	341	851	-2930	25	735	2407	-32	-1326	11	-3838	2931	2437	91	2070	-34	-2445	-631	-1490	1228	-813	-497	712	2719	3449	22	3350	8	3959	-3331	-2886	-95	-3033	-694
101	46	173	39	-27	152	-179	363	-64	183	-9	-150	501	-315	12	142	266	365	-91	276	-67	-77	376	143	46	380	118	176	-200	15	206	672	-26	180	-188	-111	18	-5	-2	-84	-30	-32	202	-282	22	114	38	-28	-44	153	-67	-34	149	237	-151	17	181	16	-55	180	148	349	-68	-20	328	-187	381	-68	-48	281	-84	3	-55	6	369	115	206	2	205	-243	104	-14	208	-107	-41	72	-42	28	294	258	40	-116	-20	70	161	325	131	62	-49	249	155	82	208	182	-210	147	-75	269	-103	83	-10	-101	-191	-40	202	-423	38	91	167	32	-269	-264	173	238	216	178	14	203	297	332	273	91	0	286	178	-234	145	68	-2	265	-12	-268	-134	241	2	59	-57	91	125	-11	120	81	18	-148	163	63	155	124	101	-206	-26	255	-8	89	22	-168	213	-12	217	-40	334	169	157	-106	6	400	-16	428	-121	-287	-12	-34	12	74	250	85	66	141	75	88	-95	-156	2	-368	18	16	300	259	-12	361	42
-2861	275	-1961	-2584	3115	-179	5010	-5285	426	-2831	2677	1223	-6367	5788	-62	1297	-133	-4423	-27	324	1087	1121	-2484	353	2219	-4622	-2398	-2942	6118	-1672	-3491	-8195	43	130	2825	-142	7	-2725	12	129	406	-1259	126	4346	-758	2770	2421	2613	713	-256	255	5574	-1030	843	5079	2122	1261	2974	-957	1752	-2564	-4942	3870	-657	-2129	1709	-6095	2600	371	567	-439	-25	3924	-708	-1539	-1818	-2448	2179	323	7599	-1813	1769	703	3727	4008	2783	3504	-2449	-855	-1163	470	1186	-583	2573	-2949	-162	-2036	-520	3336	-5288	804	-1964	638	1789	5769	-4657	1084	-1641	981	-2094	52	268	2258	-1303	159	6061	-726	1616	636	3612	5202	2812	-2925	1454	-2671	331	-106	-3250	-4575	-3647	348	-127	2890	-2072	-3184	1290	-2336	-630	16	-783	-46	4417	5301	-3922	86	1504	919	430	-2412	1643	1155	1397	-899	139	-2845	-571	-1882	-1962	-2984	2636	278	-3716	98	-958	-42	164	-11	-522	271	1385	-4872	-141	938	3809	-58	-2496	29	-6339	4636	4114	153	3205	-70	-3856	-1249	-2340	1824	-1387	-843	962	4308	5478	28	5585	6	6038	-5464	-4748	-132	-5048	-1081
3064	-195	2225	2689	-3184	363	-5285	5940	-504	3158	-2677	-1467	7192	-6302	82	-1167	504	4989	-87	71	-1193	-1230	3029	-221	-2168	5270	2620	3233	-6472	1738	3827	9299	-81	169	-3112	18	31	2780	-28	-234	-416	1362	177	-4823	824	-2642	-2391	-2683	-788	493	-364	-5748	1334	-572	-5351	-2141	-1040	-2951	967	-1551	2859	5523	-4064	657	2643	-1964	6746	-2694	-443	-189	366	41	-4068	770	2071	2044	2756	-2235	0	-8106	1990	-1808	-408	-3884	-4132	-2761	-3645	2524	1248	1550	-449	-1358	573	-2491	3218	568	2266	627	-3454	5777	-580	2173	-355	-1557	-6143	4997	-1195	2082	-1161	2293	-74	-389	-2518	1353	124	-6753	837	-1480	-421	-3611	-5687	-3217	3237	-1203	3013	-113	129	3629	5081	4180	73	210	-2903	2538	3490	-1641	2602	746	-3	1172	11	-4842	-5568	4365	-85	-1430	-978	-333	2670	-1730	-960	-1229	983	-294	3175	666	2147	2189	3164	-2904	-319	4159	-135	1130	86	-409	313	550	-5	-1434	5436	398	-776	-4029	90	3134	-68	7133	-4909	-4548	-186	-3319	91	4031	1628	2541	-1796	1638	1010	-867	-4490	-5770	-54	-6188	45	-6131	5978	5177	124	5648	1228
-192	-9	-195	-67	229	-64	426	-504	146	-209	213	173	-670	559	-12	-42	-220	-458	127	-195	131	163	-406	-28	109	-497	-189	-252	495	-35	-281	-871	23	-61	329	61	-17	-109	6	154	109	-6	-132	455	-49	17	131	236	103	-119	142	330	-88	-73	396	161	-4	198	-20	-37	-186	-495	307	59	-333	288	-591	187	115	-205	44	25	276	47	-328	-91	-190	160	-148	595	-87	143	-127	297	304	152	189	-50	-237	-258	34	178	41	75	-242	-163	-144	-9	261	-386	-78	-187	-56	-7	469	-299	161	-277	195	-173	47	147	299	10	-136	639	-58	-1	-29	237	466	416	-236	-99	-302	-101	-8	-321	-404	-323	-177	-46	193	-313	-282	240	-176	-23	0	-254	12	470	409	-346	-6	70	87	37	-137	60	28	32	2	168	-204	-31	-179	-224	-200	268	86	-327	-6	-32	-18	99	-166	11	-146	167	-487	-94	-71	346	-14	-403	23	-615	411	463	15	258	-18	-273	-209	-78	136	-151	-122	-17	326	428	6	641	-30	276	-505	-383	6	-522	-74
1672	-118	1187	1537	-1717	183	-2831	3158	-209	1742	-1438	-757	3796	-3352	40	-708	171	2648	25	-68	-613	-624	1538	-132	-1191	2769	1415	1742	-3481	993	2061	4903	-29	61	-1616	34	9	1546	-16	-44	-182	774	16	-2537	449	-1533	-1316	-1419	-397	218	-121	-3144	721	-362	-2885	-1148	-595	-1607	544	-917	1559	2931	-2175	423	1346	-992	3590	-1467	-191	-234	230	33	-2210	474	1019	1140	1500	-1207	-92	-4373	1107	-972	-315	-2094	-2221	-1511	-2011	1445	590	751	-233	-687	366	-1428	1742	253	1246	372	-1856	3142	-391	1137	-226	-910	-3304	2732	-610	1043	-557	1223	-11	-139	-1297	783	-13	-3559	443	-874	-257	-1956	-3044	-1624	1761	-747	1581	-118	70	1918	2716	2256	-48	105	-1574	1283	1872	-818	1421	420	-4	533	18	-2545	-2996	2323	-52	-802	-532	-165	1473	-971	-546	-707	569	-78	1726	377	1148	1136	1729	-1549	-137	2231	-80	640	36	-185	81	327	-87	-738	2882	181	-487	-2138	46	1594	-27	3791	-2620	-2386	-103	-1781	46	2191	810	1439	-972	864	513	-513	-2417	-3112	-28	-3220	4	-3408	3191	2798	78	2981	657
-1508	189	-974	-1387	1717	-9	2677	-2677	213	-1438	1518	579	-3213	3024	-22	795	98	-2223	-55	368	565	578	-1135	276	1279	-2307	-1246	-1508	3285	-905	-1813	-4099	3	218	1459	-153	21	-1521	3	24	221	-674	198	2236	-412	1603	1371	1449	362	-25	115	3068	-435	616	2747	1188	823	1691	-539	1067	-1300	-2517	2112	-375	-953	848	-3137	1419	187	484	-276	-16	2159	-371	-614	-909	-1221	1192	331	4057	-926	975	527	2020	2215	1595	1914	-1322	-287	-472	278	594	-327	1484	-1522	99	-1023	-243	1837	-2761	553	-1026	510	1106	3077	-2470	562	-728	481	-1101	27	93	1139	-720	205	3096	-371	964	462	2038	2718	1416	-1497	953	-1356	301	-48	-1662	-2338	-1781	383	-25	1635	-956	-1654	561	-1187	-296	15	-275	-42	2282	2871	-2008	46	887	475	318	-1244	872	739	843	-472	-6	-1450	-265	-932	-1023	-1586	1336	148	-1887	36	-453	-3	-35	141	-275	283	758	-2485	52	599	2051	-26	-1130	5	-3226	2516	2116	77	1771	-36	-2098	-518	-1208	1057	-675	-421	595	2327	2939	10	2878	22	3361	-2843	-2458	-81	-2568	-567
-690	17	-570	-539	689	-150	1223	-1467	173	-757	579	420	-1818	1536	-24	145	-295	-1264	106	-208	308	334	-884	-24	428	-1338	-619	-777	1482	-334	-914	-2367	34	-133	788	69	-22	-555	8	136	128	-248	-170	1199	-188	438	484	604	211	-202	155	1217	-346	-18	1221	454	119	614	-171	196	-669	-1370	910	-85	-765	564	-1661	601	160	-165	-13	-4	899	-129	-669	-467	-671	482	-148	1856	-439	398	-62	886	912	549	773	-494	-445	-496	82	380	-90	472	-764	-309	-536	-148	770	-1341	14	-516	-41	208	1420	-1121	328	-612	342	-534	41	171	665	-234	-161	1694	-202	228	-4	749	1364	882	-776	85	-775	-92	-32	-885	-1231	-1042	-207	-91	612	-716	-835	507	-619	-171	4	-439	8	1203	1256	-1054	8	265	236	56	-607	349	132	202	-186	189	-742	-159	-540	-560	-711	728	118	-1019	27	-263	-36	185	-211	-96	-143	349	-1347	-182	56	930	-28	-926	30	-1769	1144	1155	50	736	-32	-901	-486	-534	376	-431	-280	114	1002	1307	12	1568	-28	1245	-1443	-1228	-16	-1407	-286
3644	-203	2719	3120	-3782	501	-6367	7192	-670	3796	-3213	-1818	8808	-7652	94	-1247	775	6104	-205	266	-1455	-1531	3819	-179	-2555	6438	3157	3905	-7778	2017	4630	11354	-92	261	-3806	-36	48	3268	-44	-379	-546	1522	340	-5877	998	-2979	-2800	-3233	-966	656	-526	-6786	1603	-532	-6436	-2530	-1136	-3509	1076	-1681	3420	6722	-4857	715	3308	-2468	8193	-3229	-595	9	338	38	-4852	849	2674	2419	3333	-2629	126	-9709	2364	-2153	-336	-4660	-4930	-3233	-4292	2923	1661	2010	-507	-1692	622	-2879	3874	875	2718	738	-4136	6912	-586	2625	-323	-1717	-7379	5939	-1485	2631	-1467	2755	-117	-562	-3112	1524	298	-8237	991	-1668	-404	-4277	-6881	-4034	3904	-1233	3706	-16	152	4394	6151	5049	259	331	-3461	3187	4220	-2082	3129	882	-2	1594	10	-5899	-6677	5275	-94	-1665	-1192	-394	3184	-1985	-1081	-1410	1123	-488	3801	796	2613	2712	3773	-3542	-431	5031	-139	1323	106	-552	500	598	142	-1753	6615	541	-780	-4855	122	3960	-98	8652	-5916	-5578	-234	-3959	128	4822	2056	2957	-2110	2007	1255	-967	-5355	-6899	-72	-7583	64	-7188	7246	6239	144	6887	1467
-3304	284	-2370	-2889	3522	-315	5788	-6302	559	-3352	3024	1536	-7652	6852	-84	1342	-407	-5313	89	83	1309	1368	-3142	295	2474	-5566	-2813	-3469	7078	-1850	-4119	-9869	71	-7	3364	-71	-21	-3055	30	235	482	-1391	-71	5183	-898	2967	2691	2990	855	-412	402	6331	-1288	761	5883	2385	1271	3342	-1034	1767	-3000	-5889	4456	-704	-2699	2122	-7236	2980	515	359	-397	-47	4506	-791	-2076	-2122	-2896	2452	156	8817	-2094	1992	589	4288	4576	3095	3981	-2721	-1223	-1549	523	1475	-616	2839	-3461	-487	-2384	-637	3832	-6213	764	-2302	553	1832	6702	-5397	1328	-2112	1240	-2449	102	400	2714	-1410	-32	7249	-880	1707	574	4032	6138	3469	-3442	1428	-3226	210	-134	-3847	-5417	-4348	117	-213	3261	-2616	-3742	1675	-2741	-740	14	-1181	-34	5220	6119	-4640	92	1631	1061	481	-2828	1829	1175	1473	-1002	309	-3333	-666	-2277	-2377	-3434	3119	397	-4428	127	-1144	-78	323	-198	-556	128	1611	-5810	-290	903	4405	-98	-3227	71	-7586	5408	4919	207	3674	-108	-4435	-1620	-2650	2054	-1708	-1078	1003	4914	6296	50	6682	-30	6770	-6446	-5570	-148	-6010	-1302
42	-6	34	36	-40	12	-62	82	-12	40	-22	-24	94	-84	16	-22	18	66	-6	16	-14	-14	46	-2	-22	78	30	44	-76	16	48	138	-16	14	-40	-4	8	28	0	1	-6	33	20	-71	6	-47	-20	-31	-6	16	-12	-86	36	-8	-62	-26	-4	-37	16	-15	36	81	-54	21	42	-29	90	-29	-2	-5	10	3	-46	15	38	26	28	-26	14	-112	30	-16	4	-48	-50	-33	-52	33	24	25	-16	-17	2	-25	48	7	26	13	-46	91	0	27	4	-14	-86	68	-14	36	-20	32	2	-7	-34	19	14	-95	22	-17	-6	-35	-76	-42	40	-32	46	4	8	58	68	54	12	-4	-32	44	50	-14	28	12	0	22	-4	-50	-72	60	-4	-16	-6	-4	42	-28	-2	-4	16	8	40	8	34	22	36	-30	-8	58	-14	28	8	-12	12	8	2	-12	78	12	-8	-52	4	48	-12	110	-66	-56	-4	-46	4	42	28	40	-20	30	20	-10	-54	-70	0	-84	12	-72	76	64	-4	80	22
-819	172	-368	-913	973	142	1297	-1167	-42	-708	795	145	-1247	1342	-22	800	494	-840	-242	639	199	165	-84	346	813	-908	-602	-701	1676	-600	-842	-1591	-3	294	540	-257	27	-974	-2	-239	-2	-624	375	934	-239	1274	834	760	105	201	-103	1887	-195	738	1415	702	726	999	-457	931	-653	-1060	1191	-411	-101	151	-1362	735	-57	796	-321	-31	1220	-365	179	-502	-498	685	515	2148	-522	513	660	1023	1239	1059	1206	-877	285	124	237	141	-297	1017	-730	535	-470	-148	1016	-1491	594	-524	568	923	1576	-1406	165	-65	94	-584	-55	-188	331	-620	416	1245	-245	763	487	1208	1307	366	-715	1080	-510	461	-38	-766	-1054	-692	624	129	945	-179	-777	-64	-547	-155	-6	260	-30	892	1536	-921	58	610	171	259	-714	615	565	562	-388	-392	-731	-124	-387	-393	-836	465	-2	-848	82	-290	8	-234	432	-240	543	292	-1054	238	647	1040	-10	-109	-11	-1456	1313	767	45	1005	0	-1148	29	-778	679	-262	-155	548	1212	1534	18	1106	24	2159	-1286	-1145	-74	-1051	-363
9	147	252	-210	114	266	-133	504	-220	171	98	-295	775	-407	18	494	736	565	-312	769	-129	-189	831	300	282	604	106	200	-79	-158	187	1055	-47	412	-341	-292	53	-274	-14	-354	-140	-222	490	-419	-25	610	222	31	-123	403	-248	353	220	627	-15	117	498	230	-181	564	147	500	80	-248	701	-446	528	29	-191	831	-231	-38	137	-175	829	58	247	68	608	-74	10	19	631	-17	127	326	230	-234	686	614	105	-247	-168	392	166	724	160	27	80	104	500	91	539	562	-103	-51	-185	572	-278	54	-74	-331	-396	-260	504	-655	5	405	404	263	-273	-558	191	801	347	479	2	277	350	488	762	179	192	578	199	-558	173	50	0	640	-42	-458	39	286	36	232	-95	191	13	128	343	289	-121	-497	150	70	215	205	6	-338	-102	307	32	33	46	-404	594	-83	603	-96	479	411	475	-76	22	834	-49	572	-45	-504	-7	91	30	-75	512	-81	185	216	153	341	8	-38	-4	-640	64	563	372	260	-52	551	-20
2543	-148	1912	2223	-2607	365	-4423	4989	-458	2648	-2223	-1264	6104	-5313	66	-840	565	4296	-132	208	-1017	-1054	2696	-71	-1739	4473	2182	2725	-5374	1412	3231	7911	-75	215	-2653	-76	31	2238	-18	-249	-379	1011	222	-4078	658	-2090	-1952	-2197	-657	485	-328	-4673	1127	-296	-4461	-1725	-724	-2428	727	-1172	2390	4684	-3304	511	2342	-1737	5690	-2260	-401	-6	260	46	-3323	594	1906	1698	2377	-1819	109	-6715	1664	-1498	-205	-3261	-3375	-2189	-2954	2091	1215	1396	-315	-1179	447	-2019	2703	695	1938	553	-2841	4790	-374	1745	-169	-1167	-5116	4111	-1018	1802	-977	1870	-64	-385	-2183	1016	197	-5744	663	-1182	-260	-2914	-4740	-2758	2715	-790	2574	6	104	3032	4286	3600	193	230	-2377	2191	2935	-1486	2214	646	-16	1084	10	-4109	-4603	3664	-54	-1146	-858	-193	2207	-1392	-718	-1013	764	-383	2649	580	1826	1817	2636	-2536	-270	3508	-89	951	76	-429	372	439	128	-1210	4605	416	-520	-3327	66	2750	-59	5973	-4038	-3905	-147	-2702	82	3308	1465	2096	-1413	1388	839	-620	-3752	-4798	-26	-5242	38	-4961	5034	4370	82	4791	962
78	-51	-56	218	-89	-91	-27	-87	127	25	-55	106	-205	89	-6	-242	-312	-132	184	-338	50	92	-291	-113	-128	-157	13	-8	-63	153	2	-267	17	-129	109	113	-27	178	12	185	82	153	-226	112	9	-351	-136	-10	51	-140	161	-243	-20	-246	-63	-66	-194	-115	110	-306	40	-106	-62	153	-229	186	-103	-62	117	-394	140	24	-99	135	-306	71	6	-71	-259	-102	81	-38	-282	-55	-88	-156	-174	224	-259	-237	-26	108	121	-226	10	-275	30	35	-55	83	-217	-23	-189	-267	-53	138	92	-214	144	10	59	168	136	175	-240	174	1	-221	-159	-145	33	253	9	-354	-113	-205	2	-51	-34	-34	-320	-76	-100	-217	-10	196	25	34	-2	-299	20	114	-81	-24	-18	-113	6	-11	76	-132	-138	-148	107	229	44	18	-42	-97	80	58	91	-32	-20	54	-20	133	-241	86	-254	49	-106	-129	-239	-4	-18	-310	31	-118	-1	153	9	-58	-22	88	-167	171	-63	-59	-80	-151	-96	-91	8	220	-38	-371	-55	20	20	-127	12
-248	182	97	-473	414	276	324	71	-195	-68	368	-208	266	83	16	639	769	208	-338	882	-39	-107	659	359	501	248	-101	-43	475	-335	-124	406	-49	465	-99	-329	63	-552	-20	-366	-104	-340	557	-61	-90	912	471	273	-66	404	-252	880	159	743	453	318	651	524	-281	785	-77	91	432	-322	560	-312	8	282	-172	951	-300	-47	505	-243	755	-99	29	276	691	609	-149	195	741	338	513	608	561	-488	660	561	139	-161	-240	671	-89	761	-25	-12	392	-350	603	-73	641	775	417	-469	-103	476	-219	-129	-79	-330	-212	-398	568	-160	-48	590	500	623	164	-353	-62	983	130	556	-2	8	-34	176	860	187	480	453	-81	-472	-40	-7	12	640	-56	-75	520	-50	38	395	-12	240	-193	283	485	449	-209	-513	-103	22	76	51	-272	-108	-97	0	27	-46	52	-422	630	-144	661	28	80	426	602	260	26	674	-55	52	374	-156	-3	389	28	-436	443	-305	365	108	97	447	422	470	-14	-182	78	1162	-98	-155	-58	128	-103
-607	61	-457	-499	643	-67	1087	-1193	131	-613	565	308	-1455	1309	-14	199	-129	-1017	50	-39	278	283	-642	36	449	-1054	-523	-648	1317	-312	-777	-1891	18	-11	662	10	-4	-537	3	78	106	-200	-44	992	-161	489	497	552	180	-97	100	1135	-223	93	1096	435	208	607	-165	273	-543	-1111	815	-87	-544	439	-1371	556	134	7	-54	-15	832	-120	-444	-377	-548	450	-12	1623	-367	365	67	807	841	543	705	-469	-279	-320	95	312	-96	508	-644	-156	-437	-111	705	-1143	106	-414	76	300	1246	-984	277	-419	254	-444	42	104	541	-204	-38	1397	-160	281	82	725	1141	695	-627	181	-616	-2	-22	-710	-1017	-826	-15	-46	593	-511	-691	365	-502	-128	7	-271	-4	1015	1132	-871	10	272	201	96	-499	308	202	270	-150	125	-605	-111	-434	-458	-635	610	100	-836	15	-198	-19	86	-80	-84	-22	324	-1102	-69	127	810	-16	-654	12	-1426	1006	964	36	674	-20	-816	-336	-447	377	-323	-213	148	914	1165	4	1299	-8	1195	-1215	-1049	-23	-1133	-232
-600	47	-471	-443	655	-77	1121	-1230	163	-624	578	334	-1531	1368	-14	165	-189	-1054	92	-107	283	332	-711	21	444	-1108	-536	-673	1349	-273	-776	-1977	12	-23	698	29	-12	-509	14	137	137	-175	-82	1031	-167	418	487	587	204	-117	147	1120	-218	69	1112	449	194	610	-150	220	-540	-1147	833	-42	-591	492	-1421	550	168	-82	-7	11	845	-75	-497	-359	-528	460	-55	1652	-346	375	25	811	860	544	685	-410	-319	-381	102	336	-64	475	-662	-181	-434	-86	726	-1138	84	-447	51	268	1270	-974	318	-473	307	-457	59	147	588	-173	-78	1455	-158	242	63	739	1189	777	-650	119	-648	-44	-20	-737	-1036	-813	-82	-73	597	-571	-709	397	-498	-100	0	-345	-2	1065	1150	-878	10	271	213	114	-486	287	197	256	-121	181	-595	-108	-449	-506	-629	623	136	-851	11	-170	-20	100	-120	-59	-63	351	-1143	-85	86	857	-30	-719	24	-1472	1055	1011	46	690	-30	-837	-353	-401	401	-335	-237	135	912	1182	18	1384	-16	1154	-1257	-1060	-28	-1179	-235
1370	29	1201	1034	-1323	376	-2484	3029	-406	1538	-1135	-884	3819	-3142	46	-84	831	2696	-291	659	-642	-711	2056	167	-733	2814	1249	1606	-2948	646	1856	4979	-67	394	-1674	-247	51	1001	-19	-405	-316	362	452	-2480	327	-673	-899	-1163	-454	551	-350	-2240	744	292	-2397	-851	-40	-1138	257	-233	1385	2859	-1704	70	1755	-1257	3427	-1195	-360	596	-26	-16	-1685	176	1613	946	1449	-942	490	-3645	891	-801	335	-1766	-1721	-938	-1406	947	1141	1194	-94	-810	119	-806	1573	879	1156	300	-1460	2616	154	998	297	-239	-2813	2153	-688	1373	-724	1034	-91	-455	-1469	350	452	-3541	340	-340	147	-1393	-2727	-1881	1593	177	1618	356	52	1814	2538	2279	644	256	-1137	1581	1712	-1205	1310	372	-9	1035	-20	-2551	-2435	2157	-2	-449	-540	33	1171	-649	-157	-354	310	-585	1523	358	1126	1124	1424	-1614	-217	2090	-13	511	67	-516	630	171	508	-735	2803	515	59	-1843	48	2062	-61	3588	-2189	-2464	-77	-1384	62	1729	1144	1055	-631	884	546	-84	-2017	-2609	-16	-3274	58	-2250	2964	2535	7	2956	481
-218	72	-20	-253	334	143	353	-221	-28	-132	276	-24	-179	295	-2	346	300	-71	-113	359	36	21	167	238	310	-118	-150	-134	483	-191	-167	-189	-20	208	94	-170	16	-345	4	-96	-3	-256	221	186	-84	464	302	278	28	145	-37	639	17	407	406	274	374	351	-202	410	-144	-183	413	-124	142	-42	-278	206	-30	392	-152	5	408	-105	262	-95	-31	251	271	625	-101	178	326	283	432	430	395	-242	271	161	122	-8	-95	359	-156	402	-67	11	338	-370	277	-185	325	420	431	-400	27	91	12	-183	-11	-96	15	-254	235	206	-74	281	267	465	322	25	-150	509	-67	255	-2	-178	-196	-24	343	102	334	66	-174	-145	-95	-1	-10	209	-12	179	471	-196	22	243	15	179	-168	196	272	205	-126	-220	-167	9	-41	-107	-221	17	0	-146	20	-25	18	-184	249	-79	296	94	-188	179	310	332	-8	155	-6	-303	426	113	10	359	4	-371	150	-197	299	-20	-34	248	360	447	18	220	10	745	-288	-234	-34	-183	-126
-1282	210	-777	-1219	1470	46	2219	-2168	109	-1191	1279	428	-2555	2474	-22	813	282	-1739	-128	501	449	444	-733	310	1178	-1824	-1045	-1238	2763	-798	-1513	-3244	-4	279	1134	-220	22	-1375	7	-98	122	-656	256	1804	-381	1511	1198	1233	271	98	44	2720	-339	697	2334	1025	828	1480	-503	1017	-1063	-2014	1834	-404	-622	580	-2537	1197	113	620	-273	-39	1884	-390	-310	-767	-959	1003	438	3441	-794	797	616	1690	1911	1439	1704	-1170	-61	-245	284	446	-322	1348	-1254	257	-808	-207	1586	-2372	611	-871	577	1066	2594	-2146	431	-495	345	-941	13	-21	840	-692	273	2471	-346	904	481	1778	2265	1078	-1223	1048	-1074	370	-50	-1346	-1913	-1360	519	15	1431	-694	-1351	315	-945	-236	5	-107	-40	1791	2464	-1651	58	786	351	355	-1089	762	691	757	-445	-164	-1195	-196	-760	-852	-1339	1006	125	-1547	62	-399	-1	-142	286	-240	413	599	-2001	162	630	1715	-32	-776	6	-2646	2148	1650	82	1527	-32	-1812	-318	-1037	944	-541	-349	611	1940	2457	20	2288	24	3004	-2322	-2023	-91	-2036	-537
2659	-127	1986	2281	-2748	380	-4622	5270	-497	2769	-2307	-1338	6438	-5566	78	-908	604	4473	-157	248	-1054	-1108	2814	-118	-1824	4748	2294	2859	-5650	1466	3366	8333	-86	250	-2783	-51	42	2353	-28	-292	-399	1155	283	-4294	713	-2162	-2017	-2341	-699	520	-392	-4932	1218	-365	-4662	-1838	-792	-2528	804	-1218	2516	4925	-3532	528	2459	-1805	5980	-2326	-416	41	262	19	-3500	623	1988	1783	2439	-1922	144	-7073	1739	-1569	-201	-3376	-3570	-2340	-3125	2133	1246	1496	-371	-1229	445	-2050	2828	640	1995	547	-2998	5045	-386	1929	-196	-1219	-5369	4331	-1073	1950	-1083	2017	-73	-419	-2278	1128	238	-6022	739	-1197	-277	-3088	-5016	-2934	2855	-888	2709	4	115	3238	4503	3721	241	230	-2492	2360	3087	-1533	2295	660	5	1174	-6	-4299	-4846	3863	-70	-1205	-866	-238	2334	-1484	-755	-994	835	-354	2792	602	1913	1952	2740	-2588	-298	3681	-115	992	88	-443	404	457	130	-1260	4846	440	-557	-3542	82	2908	-74	6336	-4286	-4057	-162	-2872	87	3481	1540	2191	-1512	1477	916	-688	-3902	-5026	-52	-5532	63	-5205	5284	4543	94	5053	1073
1395	-113	977	1258	-1470	118	-2398	2620	-189	1415	-1246	-619	3157	-2813	30	-602	106	2182	13	-101	-523	-536	1249	-150	-1045	2294	1190	1445	-2944	818	1721	4060	-18	-4	-1361	58	4	1318	-13	-51	-168	641	-8	-2128	383	-1293	-1133	-1236	-341	152	-124	-2675	559	-360	-2448	-994	-559	-1386	462	-800	1279	2431	-1864	328	1086	-821	2994	-1240	-177	-218	196	23	-1885	374	807	919	1219	-1030	-109	-3684	902	-829	-296	-1774	-1908	-1314	-1695	1186	458	611	-217	-578	291	-1207	1443	147	1010	276	-1589	2609	-354	974	-254	-807	-2784	2285	-518	852	-480	1034	-24	-128	-1086	655	-28	-2971	370	-739	-256	-1700	-2549	-1385	1450	-666	1319	-127	54	1601	2257	1819	-98	80	-1361	1062	1558	-659	1161	327	-3	435	16	-2142	-2551	1942	-42	-689	-435	-194	1214	-796	-498	-616	458	-62	1419	289	945	979	1446	-1272	-135	1845	-59	498	27	-111	39	258	-101	-644	2399	107	-429	-1826	40	1296	-22	3153	-2237	-2001	-86	-1527	40	1865	653	1162	-852	707	432	-452	-2052	-2627	-24	-2722	2	-2891	2670	2327	67	2483	557
1708	-126	1218	1536	-1786	176	-2942	3233	-252	1742	-1508	-777	3905	-3469	44	-701	200	2725	-8	-43	-648	-673	1606	-134	-1238	2859	1445	1798	-3601	983	2109	5054	-38	45	-1698	26	8	1566	-11	-92	-222	754	26	-2625	447	-1552	-1366	-1492	-423	230	-161	-3228	708	-371	-2977	-1200	-621	-1676	546	-932	1576	3011	-2246	390	1395	-1048	3691	-1510	-221	-206	226	18	-2272	442	1066	1133	1518	-1256	-77	-4492	1115	-1010	-308	-2174	-2301	-1561	-2044	1446	635	795	-255	-724	342	-1445	1785	249	1258	349	-1924	3194	-389	1170	-245	-938	-3407	2780	-649	1078	-604	1250	-24	-182	-1371	762	-3	-3683	447	-885	-274	-2038	-3124	-1715	1785	-735	1634	-104	70	1975	2789	2285	-55	114	-1633	1337	1918	-850	1434	409	-3	572	16	-2651	-3100	2382	-52	-825	-550	-181	1477	-980	-579	-749	546	-127	1741	373	1174	1176	1771	-1607	-162	2278	-75	623	41	-190	106	314	-68	-791	2973	180	-479	-2226	40	1633	-26	3876	-2705	-2484	-98	-1845	46	2251	850	1428	-1008	873	524	-515	-2511	-3219	-22	-3363	8	-3473	3287	2869	73	3076	655
-3518	344	-2382	-3193	3832	-200	6118	-6472	495	-3481	3285	1482	-7778	7078	-76	1676	-79	-5374	-63	475	1317	1349	-2948	483	2763	-5650	-2944	-3601	7532	-2077	-4287	-9991	47	190	3428	-231	11	-3408	20	101	462	-1628	174	5311	-965	3469	2978	3220	854	-262	306	6922	-1272	1131	6254	2618	1614	3676	-1214	2191	-3148	-6038	4807	-865	-2537	2037	-7458	3184	432	777	-553	-41	4866	-921	-1797	-2244	-2970	2670	463	9365	-2239	2155	937	4559	4956	3481	4364	-3020	-959	-1364	607	1430	-739	3194	-3607	-109	-2469	-644	4124	-6550	1052	-2447	856	2249	7091	-5771	1313	-1986	1196	-2606	55	277	2705	-1672	224	7387	-930	2017	816	4468	6407	3415	-3587	1925	-3263	467	-134	-3995	-5606	-4408	496	-137	3579	-2514	-3904	1505	-2848	-770	10	-922	-56	5356	6542	-4811	116	1873	1090	581	-3003	2040	1448	1704	-1153	65	-3504	-689	-2299	-2426	-3662	3156	341	-4556	139	-1191	-52	146	63	-646	417	1672	-5960	-121	1209	4682	-80	-3014	39	-7805	5735	4984	199	3975	-90	-4768	-1479	-2893	2275	-1709	-1056	1253	5259	6718	48	6807	6	7509	-6691	-5800	-176	-6162	-1390
1026	-104	622	1065	-1086	15	-1672	1738	-35	993	-905	-334	2017	-1850	16	-600	-158	1412	153	-335	-312	-273	646	-191	-798	1466	818	983	-2077	716	1188	2589	-2	-89	-857	127	-20	1054	3	108	-57	575	-187	-1379	261	-1185	-882	-851	-187	17	51	-2027	388	-424	-1727	-733	-521	-1044	412	-808	932	1609	-1326	362	584	-422	1986	-909	-11	-461	268	34	-1357	367	330	699	868	-769	-266	-2616	701	-612	-408	-1266	-1376	-1022	-1303	1020	127	241	-156	-302	296	-1002	1001	-110	738	227	-1129	1857	-391	650	-306	-763	-1955	1675	-265	424	-206	722	41	42	-644	603	-208	-1910	248	-693	-301	-1282	-1719	-736	1009	-734	823	-255	38	1079	1536	1268	-308	-13	-1013	560	1077	-308	840	274	-5	42	26	-1391	-1811	1329	-42	-573	-302	-105	896	-668	-449	-533	417	148	1035	227	610	572	1064	-848	11	1242	-50	395	-1	13	-143	261	-252	-400	1576	-7	-482	-1257	4	649	14	2079	-1519	-1262	-40	-1095	4	1336	333	969	-616	441	223	-424	-1505	-1893	-4	-1691	-28	-2284	1799	1620	53	1633	378
2033	-181	1449	1847	-2118	206	-3491	3827	-281	2061	-1813	-914	4630	-4119	48	-842	187	3231	2	-124	-777	-776	1856	-167	-1513	3366	1721	2109	-4287	1188	2558	5973	-42	15	-2002	67	6	1920	-10	-51	-236	888	24	-3125	558	-1881	-1634	-1773	-479	228	-182	-3883	820	-465	-3588	-1408	-765	-2026	637	-1115	1855	3573	-2693	508	1615	-1220	4386	-1825	-262	-296	275	69	-2735	556	1230	1338	1818	-1453	-144	-5359	1332	-1182	-398	-2607	-2762	-1875	-2461	1751	724	895	-295	-862	424	-1761	2105	320	1478	431	-2312	3834	-487	1380	-344	-1125	-4072	3334	-752	1253	-685	1495	-31	-180	-1592	914	2	-4372	546	-1078	-341	-2427	-3713	-2032	2102	-933	1952	-164	84	2327	3321	2689	-133	132	-1984	1560	2281	-985	1701	498	-16	664	26	-3120	-3719	2851	-56	-982	-629	-264	1783	-1134	-693	-897	663	-110	2073	424	1391	1421	2111	-1884	-196	2714	-84	756	46	-180	77	363	-116	-927	3526	169	-584	-2624	50	1936	-34	4620	-3244	-2950	-122	-2203	62	2700	994	1690	-1196	1053	639	-634	-2988	-3815	-18	-3985	4	-4187	3906	3413	84	3643	812
4712	-267	3531	4052	-4856	672	-8195	9299	-871	4903	-4099	-2367	11354	-9869	138	-1591	1055	7911	-267	406	-1891	-1977	4979	-189	-3244	8333	4060	5054	-9991	2589	5973	14716	-154	401	-4928	-100	68	4161	-43	-487	-703	1957	467	-7588	1249	-3849	-3598	-4117	-1247	897	-663	-8714	2111	-623	-8261	-3235	-1397	-4487	1387	-2150	4425	8688	-6210	926	4332	-3211	10573	-4151	-760	23	459	59	-6204	1105	3513	3141	4335	-3391	221	-12493	3065	-2765	-387	-6010	-6308	-4110	-5513	3797	2208	2612	-646	-2195	806	-3696	5013	1190	3535	980	-5296	8926	-707	3340	-349	-2171	-9505	7656	-1915	3403	-1885	3528	-143	-727	-4041	1933	395	-10655	1284	-2141	-494	-5444	-8848	-5175	5035	-1538	4781	15	204	5673	7951	6596	380	409	-4411	4119	5445	-2727	4054	1161	-11	2060	4	-7617	-8567	6814	-116	-2116	-1545	-440	4107	-2591	-1346	-1814	1440	-662	4908	1048	3389	3437	4869	-4616	-545	6514	-197	1753	155	-776	698	795	224	-2246	8551	755	-987	-6221	142	5129	-126	11167	-7569	-7207	-290	-5064	156	6167	2707	3851	-2678	2601	1605	-1195	-6916	-8892	-74	-9776	94	-9209	9340	8068	165	8897	1864
-34	3	-38	-25	21	-26	43	-81	23	-29	3	34	-92	71	-16	-3	-47	-75	17	-49	18	12	-67	-20	-4	-86	-18	-38	47	-2	-42	-154	32	-38	47	22	-8	0	-8	5	9	-18	-41	73	6	26	2	9	6	-35	15	49	-46	-26	37	9	-28	15	-8	-10	-30	-83	29	-14	-69	43	-83	18	4	-21	-8	-6	14	-9	-69	-23	-36	14	-45	79	-26	8	-37	39	23	1	32	-24	-55	-41	8	26	3	-1	-38	-40	-24	-19	23	-76	-31	-13	-30	-20	67	-48	12	-47	23	-21	-2	17	43	-2	-33	99	-22	-2	-12	1	59	44	-30	-2	-49	-22	-12	-56	-67	-72	-41	6	7	-52	-45	36	-28	-18	4	-37	8	49	43	-59	0	-1	6	-18	-32	26	-22	-9	-10	12	-34	-12	-34	-5	-26	42	4	-58	16	-37	-16	36	-41	-10	-31	7	-77	-34	-13	32	4	-65	8	-105	35	59	0	23	0	-12	-55	-36	-4	-34	-16	-16	45	51	-8	82	-16	22	-63	-56	12	-82	-12
-56	117	96	-116	197	180	130	169	-61	61	218	-133	261	-7	14	294	412	215	-129	465	-11	-23	394	208	279	250	-4	45	190	-89	15	401	-38	334	-71	-188	32	-234	-4	-141	-14	-73	303	-90	-43	392	235	169	-19	255	-78	378	195	414	193	172	378	284	-100	357	71	156	201	-92	373	-150	111	124	-33	470	-108	-7	250	-47	446	56	126	123	383	202	18	88	399	148	255	311	214	-127	381	317	95	-70	-77	326	20	434	83	54	197	-45	334	-6	389	410	144	-123	-19	292	-88	-23	-5	-129	-119	-119	290	-175	4	272	287	331	9	-151	56	478	104	281	6	86	101	271	480	87	254	281	32	-281	81	68	8	310	-36	-84	231	82	16	203	-21	214	4	53	295	252	-28	-219	69	71	89	5	-80	-115	9	103	-5	75	34	-272	350	-11	350	56	139	288	280	117	6	408	-24	171	192	-107	4	202	4	-200	299	0	228	109	48	227	156	168	-6	-121	44	496	36	24	-36	179	-24
-1586	107	-1175	-1342	1689	-188	2825	-3112	329	-1616	1459	788	-3806	3364	-40	540	-341	-2653	109	-99	662	698	-1674	94	1134	-2783	-1361	-1698	3428	-857	-2002	-4928	47	-71	1708	24	-11	-1411	7	205	281	-608	-110	2569	-411	1312	1270	1441	444	-283	244	2967	-638	248	2829	1139	527	1575	-466	762	-1463	-2917	2125	-266	-1434	1120	-3570	1432	287	12	-161	-5	2134	-323	-1151	-1017	-1439	1187	-42	4242	-997	975	160	2080	2187	1431	1858	-1260	-723	-860	229	760	-256	1286	-1687	-347	-1173	-292	1828	-2968	262	-1121	174	789	3239	-2563	678	-1114	654	-1181	65	270	1401	-616	-93	3604	-411	746	214	1911	2983	1772	-1677	517	-1608	15	-60	-1901	-2661	-2186	-74	-124	1540	-1353	-1834	922	-1348	-359	11	-670	-10	2621	2932	-2277	32	750	538	181	-1332	862	522	676	-446	268	-1622	-332	-1115	-1163	-1655	1583	200	-2171	41	-537	-43	234	-222	-255	-66	812	-2875	-219	347	2142	-36	-1683	31	-3721	2597	2469	85	1753	-48	-2111	-880	-1251	954	-847	-528	407	2391	3055	14	3343	-22	3141	-3165	-2720	-53	-2995	-597
101	-63	-36	152	-175	-111	-142	18	61	34	-153	69	-36	-71	-4	-257	-292	-76	113	-329	10	29	-247	-170	-220	-51	58	26	-231	127	67	-100	22	-188	24	166	-16	247	-6	127	42	170	-181	-18	67	-331	-173	-146	17	-164	56	-390	-49	-322	-210	-145	-282	-217	123	-283	37	-2	-232	123	-213	118	46	-107	48	-336	97	14	-241	96	-286	34	-37	-109	-260	-298	54	-71	-284	-128	-244	-278	-246	153	-268	-190	-82	52	77	-245	43	-317	-11	-13	-188	186	-239	92	-272	-299	-199	219	23	-134	44	96	16	118	82	186	-185	25	43	-205	-196	-279	-123	73	39	-413	-21	-213	4	36	40	-105	-316	-66	-212	-125	52	189	6	-12	8	-199	16	13	-252	53	-22	-155	26	-152	98	-97	-193	-137	96	221	58	-27	-17	50	105	82	11	20	-17	7	-18	186	-245	36	-263	-19	8	-181	-233	-147	10	-209	6	68	-221	44	-14	-197	0	214	-171	96	-178	-17	6	-204	-154	-194	-16	5	-18	-480	77	64	32	-10	95
-4	9	16	-25	15	18	7	31	-17	9	21	-22	48	-21	8	27	53	31	-27	63	-4	-12	51	16	22	42	4	8	11	-20	6	68	-8	32	-11	-16	16	-26	-8	-23	-5	2	49	-29	2	46	30	1	-4	29	-29	19	28	34	7	11	36	21	-8	48	4	33	1	-8	45	-27	31	14	-16	59	-18	0	14	-11	57	-3	-4	12	51	-7	-4	12	49	13	13	19	16	-28	43	45	-4	-14	-19	37	8	46	2	3	3	14	37	13	38	46	-3	-4	-12	47	-25	9	-8	-23	-17	-14	49	-41	10	34	26	29	-19	-42	10	38	27	34	4	22	17	12	65	10	19	50	11	-26	2	0	4	55	-8	-11	5	17	0	19	4	-2	6	14	36	39	-8	-20	4	0	20	21	-12	0	-18	16	-8	7	8	-24	39	-10	35	1	33	26	35	-6	12	65	-16	51	-13	-25	-8	5	8	-10	31	-14	6	22	26	20	17	15	-8	-42	16	50	19	4	-4	34	12
1620	-212	994	1586	-1783	-5	-2725	2780	-109	1546	-1521	-555	3268	-3055	28	-974	-274	2238	178	-552	-537	-509	1001	-345	-1375	2353	1318	1566	-3408	1054	1920	4161	0	-234	-1411	247	-26	1718	-7	140	-123	881	-264	-2264	470	-1856	-1435	-1464	-322	-43	-19	-3333	536	-769	-2862	-1221	-930	-1760	640	-1237	1409	2576	-2238	541	882	-718	3214	-1468	-96	-707	359	57	-2283	536	488	1034	1286	-1226	-464	-4271	1054	-973	-686	-2067	-2314	-1726	-2114	1517	157	373	-311	-535	426	-1621	1589	-222	1083	304	-1914	3003	-679	1099	-603	-1246	-3207	2700	-497	693	-412	1195	17	37	-1045	917	-293	-3110	440	-1086	-527	-2136	-2829	-1316	1582	-1239	1360	-421	62	1732	2451	1848	-539	-9	-1715	929	1722	-451	1259	358	-5	157	42	-2240	-3011	2121	-68	-940	-445	-340	1416	-994	-776	-865	617	223	1585	294	974	1037	1683	-1283	-93	1983	-83	567	5	104	-276	341	-444	-694	2546	-107	-758	-2093	34	1065	-4	3388	-2602	-2060	-92	-1846	32	2222	485	1401	-1092	720	432	-727	-2400	-3047	-24	-2836	-28	-3695	2918	2564	99	2614	677
-3	-4	-7	15	5	-2	12	-28	6	-16	3	8	-44	30	0	-2	-14	-18	12	-20	3	14	-19	4	7	-28	-13	-11	20	3	-10	-43	-8	-4	7	-6	-8	-7	16	15	0	-9	-20	23	-14	-24	-5	18	6	-2	20	14	-8	2	18	7	2	2	0	-20	-7	-23	23	5	-13	11	-32	0	14	-27	17	3	19	5	-17	1	8	1	-12	32	3	-1	-10	-3	15	12	5	18	-5	-22	8	7	12	-6	-11	-10	-1	4	17	-23	-2	-25	-4	-10	18	-16	14	-28	20	-18	12	7	7	-1	-20	30	-6	-12	-4	6	33	35	-16	-6	-17	-10	0	-17	-16	6	-25	-10	7	-31	-11	7	-1	7	-8	-32	4	16	22	-16	4	-2	-2	22	-11	-10	-6	-18	2	4	-7	4	-15	-35	1	-9	20	-15	4	4	0	-2	-4	10	-2	5	-26	0	-10	23	-16	-37	12	-44	39	18	12	15	-8	-21	-1	13	20	-14	-24	6	-6	6	16	38	-8	4	-28	-10	-8	-24	-20
11	-78	-94	172	8	-84	129	-234	154	-44	24	136	-379	235	1	-239	-354	-249	185	-366	78	137	-405	-96	-98	-292	-51	-92	101	108	-51	-487	5	-141	205	127	-23	140	15	264	124	128	-211	218	12	-335	-65	73	97	-186	172	-150	-36	-246	38	16	-167	-65	78	-248	-45	-234	22	199	-316	252	-265	-7	131	-435	126	65	-22	162	-369	22	-60	27	-285	74	49	46	-292	31	9	-93	-118	186	-299	-312	-24	135	122	-198	-73	-252	-44	54	13	16	-225	-95	-206	-220	77	57	133	-279	191	-40	63	212	237	145	-221	330	16	-202	-149	-26	154	333	-82	-397	-164	-223	11	-145	-143	-163	-355	-81	-43	-285	-93	271	-50	26	-11	-315	22	287	29	-117	-16	-72	62	-43	55	-75	-93	-108	99	290	-37	-11	-78	-139	4	162	80	-111	-38	66	-10	167	-286	62	-290	111	-229	-168	-224	125	-15	-373	21	-247	94	275	-1	17	-13	-2	-208	112	-13	-73	-78	-150	37	70	16	384	-33	-257	-202	-102	15	-276	25
-182	-2	-157	-95	236	-30	406	-416	109	-182	221	128	-546	482	-6	-2	-140	-379	82	-104	106	137	-316	-3	122	-399	-168	-222	462	-57	-236	-703	9	-14	281	42	-5	-123	0	124	108	-12	-52	374	-36	76	154	225	93	-85	93	326	-52	-20	363	168	42	207	-32	39	-167	-413	277	47	-249	233	-497	182	82	-115	14	33	261	42	-227	-86	-166	173	-77	542	-84	155	-56	286	293	167	187	-82	-162	-185	29	137	17	111	-221	-78	-139	2	247	-319	-25	-157	-14	61	428	-267	133	-195	147	-145	28	116	259	-10	-59	529	-34	44	11	261	397	321	-212	-44	-239	-53	0	-269	-340	-279	-91	-30	201	-228	-247	179	-161	-17	4	-158	2	414	376	-287	-6	98	94	24	-111	77	74	80	-2	132	-179	-34	-138	-173	-196	246	54	-270	-17	-14	-4	62	-107	-6	-93	158	-401	-57	-20	321	-2	-279	9	-487	359	391	1	241	-8	-260	-145	-93	135	-105	-75	8	327	413	-2	532	-12	311	-437	-344	4	-437	-40
814	-70	440	849	-890	-32	-1259	1362	-6	774	-674	-248	1522	-1391	33	-624	-222	1011	153	-340	-200	-175	362	-256	-656	1155	641	754	-1628	575	888	1957	-18	-73	-608	170	2	881	-9	128	-12	674	-151	-1055	238	-1031	-686	-714	-122	-18	21	-1733	366	-513	-1346	-629	-518	-835	436	-736	748	1234	-1154	357	373	-243	1522	-660	40	-465	262	10	-1109	343	123	565	583	-641	-250	-2134	557	-481	-394	-942	-1145	-929	-1126	798	-45	128	-196	-181	243	-782	769	-314	535	164	-939	1526	-371	622	-337	-682	-1550	1390	-175	322	-189	644	54	82	-417	628	-202	-1420	276	-569	-316	-1073	-1385	-525	800	-834	624	-298	43	907	1182	880	-290	-75	-820	436	848	-113	627	206	21	-30	-2	-988	-1465	1050	-52	-505	-173	-154	767	-610	-380	-356	412	296	835	173	462	462	808	-513	7	955	-93	342	14	74	-194	243	-319	-264	1213	-48	-486	-1047	25	428	-14	1697	-1277	-865	-48	-935	7	1080	187	816	-566	366	218	-437	-1154	-1487	-36	-1270	15	-1920	1380	1195	51	1260	401
-103	104	107	-270	211	202	126	177	-132	16	198	-170	340	-71	20	375	490	222	-226	557	-44	-82	452	221	256	283	-8	26	174	-187	24	467	-41	303	-110	-181	49	-264	-20	-211	-52	-151	418	-155	-10	529	285	114	-41	248	-194	408	147	437	165	175	383	273	-161	507	-9	179	153	-154	395	-218	150	138	-116	613	-206	-10	219	-114	516	-28	49	173	434	207	-47	124	464	157	226	315	256	-280	429	387	62	-129	-149	400	-3	501	-10	5	160	-55	368	39	376	487	128	-170	-82	376	-177	0	-58	-202	-154	-204	413	-240	28	364	316	333	-39	-318	18	539	164	345	10	99	94	145	548	129	229	374	26	-298	1	8	12	469	-42	-102	196	80	16	233	12	94	-30	165	305	310	-87	-276	-1	12	99	122	-128	-62	-90	98	-5	12	44	-250	392	-101	408	14	171	256	376	82	34	526	-55	240	97	-166	-21	167	30	-184	318	-161	197	137	121	235	221	218	-22	-254	66	605	58	-16	-32	205	24
-2487	184	-1815	-2147	2622	-282	4346	-4823	455	-2537	2236	1199	-5877	5183	-71	934	-419	-4078	112	-61	992	1031	-2480	186	1804	-4294	-2128	-2625	5311	-1379	-3125	-7588	73	-90	2569	-18	-29	-2264	23	218	374	-1055	-155	3974	-675	2149	1966	2234	649	-384	345	4718	-1040	481	4411	1768	871	2467	-767	1245	-2287	-4519	3348	-515	-2148	1648	-5517	2222	399	141	-281	-37	3347	-583	-1695	-1610	-2213	1824	3	6643	-1588	1486	325	3208	3413	2278	2968	-2019	-1027	-1268	381	1136	-433	2043	-2614	-468	-1811	-491	2862	-4699	473	-1765	330	1277	5047	-4056	1001	-1695	974	-1868	82	349	2083	-1051	-123	5547	-679	1210	371	2979	4653	2688	-2613	984	-2485	94	-106	-2959	-4134	-3347	-43	-174	2415	-2076	-2851	1335	-2092	-580	8	-987	-10	3970	4588	-3553	64	1186	798	326	-2147	1369	809	1027	-760	273	-2547	-514	-1745	-1813	-2572	2371	299	-3379	101	-886	-72	307	-252	-416	0	1206	-4446	-291	610	3323	-77	-2563	67	-5818	4062	3757	155	2745	-84	-3305	-1319	-2004	1498	-1333	-840	704	3690	4725	40	5114	-46	4998	-4893	-4213	-95	-4619	-996
