-29274	-14972	-58381	-12008	-69861	-56762	2214	-72013	10695	-1971	-35332	-60387	-46296	-54052	-46249	-39370	-62796	162	-31353	4247	-33775	-29692	-73904	-53631	-67463	-49570	-55816	-11849	-45201	-36685	-50630	-8459	-26325	-54291	-39191	-38730	-35635	-73262	-44808	-33238	-62821	-27073	-45588	-6532	-53063	-26762	16041	15	-32375	-34045	487	-53170	-50071	-69064	-49628	-45457	-16842	-63931	-86609	-66717	-29138	-33052	-51406	-23424	-32530	-48572	-4843	-34423	-4556	-42279	-60254	-43067	-44462	-10325	6758	15733	-43187	-44811	-4765	-58185	-81774	-14193	-6587	-32090	-2445	-27643	604	-32048	-49468	-48606	-42750	-16566	-79216	-319	-38550	-31299	-32800	-78662	1844	-3332	-31659	-55936	-33153	-82840	1041	-30327	-58083	-11464	-19041	-27934	-58343	-17953	7299	-5318	-13880	-47374	15805	-71422	-5214	-81868
-14972	-7832	-30005	-6170	-35834	-29111	1108	-36856	5597	-1067	-18094	-31083	-23752	-27690	-23836	-20215	-32198	-33	-16050	2213	-17341	-15082	-37963	-27580	-34641	-25441	-28606	-6127	-23085	-18919	-25814	-4211	-13413	-27886	-20275	-19826	-18208	-37698	-23027	-17078	-32206	-13912	-23506	-3266	-27212	-13850	8350	89	-16601	-17558	239	-27271	-25788	-35413	-25398	-23367	-8553	-32788	-44622	-34314	-14928	-16939	-26446	-12096	-16734	-24862	-2417	-17668	-2255	-21756	-30854	-21996	-22904	-5323	3523	8200	-22293	-23091	-2401	-29881	-42071	-7304	-3427	-16291	-1210	-14095	343	-16511	-25368	-24938	-21875	-8297	-40693	-163	-19948	-16190	-16795	-40462	918	-1737	-16203	-28603	-17067	-42609	537	-15623	-29729	-5962	-9794	-14219	-29982	-9329	3992	-2654	-7168	-24387	8220	-36753	-2515	-42007
-58381	-30005	-116670	-23940	-139503	-113311	4470	-143716	21416	-3923	-70320	-120689	-92445	-107861	-92539	-78645	-125265	296	-62495	8515	-67445	-59129	-147660	-107078	-134748	-99055	-111350	-23691	-90175	-73299	-100910	-16725	-52460	-108498	-78367	-77361	-71061	-146422	-89526	-66371	-125382	-54086	-91154	-12922	-105943	-53508	32162	131	-64537	-68007	920	-106112	-100170	-137858	-99056	-90705	-33559	-127533	-173159	-133359	-58066	-65942	-102728	-46838	-65010	-96935	-9598	-68734	-8938	-84515	-120243	-85871	-88941	-20573	13588	31575	-86393	-89519	-9530	-116169	-163326	-28430	-13211	-63837	-4724	-55185	1200	-64102	-98766	-97186	-85311	-32944	-158227	-665	-77137	-62541	-65517	-157118	3623	-6678	-63213	-111494	-66390	-165476	2060	-60572	-115885	-22840	-38071	-55723	-116480	-35916	14886	-10554	-27748	-94603	31694	-142740	-10220	-163444
-12008	-6170	-23940	-4968	-28680	-23336	872	-29605	4407	-847	-14645	-24773	-19013	-22221	-18922	-16152	-25863	33	-12912	1750	-13878	-12202	-30327	-22063	-27691	-20322	-22952	-4880	-18575	-15088	-20844	-3508	-10818	-22269	-16125	-15875	-14662	-30052	-18402	-13681	-25799	-11115	-18725	-2713	-21782	-11002	6578	-3	-13346	-14018	230	-21865	-20503	-28381	-20377	-18699	-6912	-26336	-35539	-27340	-12016	-13591	-21106	-9620	-13345	-19940	-1995	-14154	-1915	-17356	-24743	-17694	-18226	-4274	2739	6440	-17700	-18418	-1926	-23921	-33621	-5759	-2693	-13243	-1093	-11323	275	-13143	-20295	-19877	-17572	-6766	-32534	-100	-15814	-12908	-13411	-32334	790	-1371	-12994	-23057	-13527	-34053	456	-12465	-23874	-4779	-7815	-11464	-23999	-7400	2941	-2178	-5690	-19486	6465	-29312	-2176	-33639
-69861	-35834	-139503	-28680	-166946	-135631	5324	-172108	25568	-4705	-84398	-144321	-110644	-129138	-110547	-94061	-150033	397	-74866	10182	-80718	-70880	-176625	-128152	-161192	-118487	-133292	-28350	-108026	-87701	-120975	-20161	-62855	-129791	-93710	-92571	-85113	-175086	-107102	-79484	-150045	-64691	-109001	-15592	-126774	-63949	38405	80	-77285	-81380	1163	-127029	-119704	-165024	-118554	-108550	-40208	-152764	-207023	-159427	-69565	-78934	-122903	-55980	-77756	-116027	-11557	-82280	-10812	-101090	-143920	-102841	-106338	-24668	16143	37663	-103235	-107071	-11401	-139041	-195426	-33882	-15750	-76615	-5832	-66055	1451	-76641	-118136	-116194	-102167	-39512	-189301	-754	-92158	-74844	-78311	-187990	4399	-7976	-75674	-133619	-79273	-197997	2499	-72447	-138776	-27360	-45523	-66762	-139427	-42935	17547	-12664	-33151	-113187	37807	-170714	-12399	-195614
-56762	-29111	-113311	-23336	-135631	-110288	4313	-139949	20778	-3822	-68696	-117208	-89903	-105013	-89756	-76398	-121979	343	-60869	8260	-65588	-57604	-143539	-104135	-130994	-96273	-108310	-23046	-87805	-71228	-98412	-16405	-51056	-105481	-76168	-75220	-69226	-142210	-87056	-64603	-121914	-52592	-88592	-12667	-102980	-52004	31185	81	-62869	-66117	967	-103224	-97220	-134117	-96354	-88202	-32672	-124204	-168215	-129465	-56581	-64150	-99849	-45514	-63130	-94276	-9348	-66920	-8837	-82162	-116949	-83554	-86391	-20054	13092	30580	-83836	-87024	-9226	-113002	-158866	-27406	-12789	-62342	-4826	-53676	1236	-62260	-95989	-94298	-83041	-32083	-153837	-580	-74835	-60865	-63557	-152771	3627	-6455	-61499	-108735	-64355	-160946	2109	-58850	-112774	-22291	-37048	-54308	-113342	-34902	14215	-10269	-26900	-91980	30700	-138684	-10128	-158967
2214	1108	4470	872	5324	4313	-250	5507	-779	77	2515	4602	3532	4109	3598	2994	4689	-103	2322	-323	2557	2246	5676	4016	5156	3841	4171	883	3463	2739	3852	608	1981	4207	2936	3017	2699	5582	3428	2513	4756	2068	3477	457	4034	2008	-1234	-25	2384	2522	-4	3995	3896	5239	3795	3364	1303	4773	6627	5115	2135	2483	3912	1785	2474	3703	346	2638	281	3256	4572	3254	3451	724	-542	-1231	3311	3363	409	4395	6184	1119	512	2387	87	2169	-24	2482	3762	3800	3261	1316	6026	43	2925	2316	2532	5936	-118	249	2443	4194	2648	6271	-77	2265	4405	758	1493	2191	4398	1319	-621	400	1038	3537	-1227	5448	365	6203
-72013	-36856	-143716	-29605	-172108	-139949	5507	-177736	26318	-4788	-87211	-148639	-114139	-133303	-113792	-96867	-154798	554	-77234	10450	-83226	-73185	-182124	-132111	-166194	-122195	-137385	-29187	-111528	-90316	-125064	-20911	-64821	-133892	-96535	-95525	-87924	-180276	-110469	-82014	-154699	-66689	-112310	-16173	-130685	-65866	39531	47	-79743	-83816	1237	-131011	-123319	-170228	-122275	-111848	-41544	-157641	-213329	-164148	-71774	-81415	-126626	-57717	-80060	-119689	-11913	-84974	-11224	-104259	-148399	-106063	-109595	-25434	16555	38732	-106247	-110308	-11750	-143427	-201558	-34663	-16203	-79254	-6166	-68246	1547	-78991	-121737	-119670	-105455	-40841	-195168	-690	-94816	-77182	-80599	-193758	4671	-8192	-78145	-138065	-81635	-204159	2699	-74626	-143145	-28182	-47041	-69064	-143820	-44202	17864	-13085	-34060	-116636	38866	-175895	-12953	-201711
10695	5597	21416	4407	25568	20778	-779	26318	-4040	750	12889	22191	16985	19776	17039	14400	22966	23	11441	-1550	12382	10749	27120	19704	24751	18179	20392	4335	16445	13484	18419	2978	9545	19938	14482	14166	13024	26863	16463	12180	23000	9928	16755	2333	19431	9903	-5992	-70	11858	12505	-142	19480	18439	25281	18109	16693	6110	23376	31902	24477	10650	12109	18837	8679	11926	17775	1698	12632	1581	15549	22012	15671	16353	3804	-2548	-5866	15905	16487	1703	21369	30084	5172	2469	11616	830	10108	-245	11797	18103	17797	15598	5906	29062	101	14255	11578	11985	28873	-683	1247	11603	20406	12219	30419	-401	11173	21175	4250	7045	10169	21414	6663	-2893	1901	5109	17418	-5882	26234	1760	29983
-1971	-1067	-3923	-847	-4705	-3822	77	-4788	750	-238	-2570	-4079	-3079	-3620	-3036	-2681	-4330	-117	-2181	322	-2281	-1985	-4916	-3673	-4498	-3251	-3854	-868	-3018	-2571	-3367	-596	-1802	-3556	-2721	-2509	-2363	-5001	-2980	-2270	-4235	-1820	-3111	-449	-3573	-1846	1066	-9	-2250	-2412	98	-3615	-3279	-4662	-3319	-3160	-1087	-4423	-5792	-4489	-2047	-2234	-3517	-1551	-2223	-3215	-359	-2284	-383	-2804	-4063	-2927	-2943	-759	409	1046	-2926	-3088	-273	-3917	-5521	-963	-423	-2182	-286	-1726	75	-2120	-3335	-3171	-2871	-1016	-5334	-20	-2633	-2188	-2166	-5381	114	-228	-2047	-3812	-2082	-5634	50	-2082	-3949	-915	-1184	-1764	-3969	-1287	450	-339	-974	-3272	1054	-4825	-373	-5540
-35332	-18094	-70320	-14645	-84398	-68696	2515	-87211	12889	-2570	-43516	-72765	-55907	-65436	-55360	-47496	-76294	56	-38146	5180	-40836	-36009	-89097	-64916	-81336	-59663	-67641	-14478	-54780	-44472	-61536	-10506	-31946	-65382	-47420	-46620	-43145	-88377	-54047	-40341	-75889	-32660	-55065	-8091	-64065	-32322	19222	-86	-39349	-41346	845	-64374	-60042	-83590	-59939	-55080	-20331	-77766	-104277	-80270	-35500	-39971	-62167	-28166	-39265	-58593	-5984	-41651	-5841	-50970	-72837	-52177	-53503	-12666	7868	18794	-51942	-54186	-5645	-70353	-98855	-16822	-7829	-39207	-3529	-33191	871	-38553	-59671	-58282	-51799	-19931	-95650	-288	-46358	-38024	-39304	-95159	2362	-3986	-38166	-68110	-39470	-100223	1341	-36626	-70393	-14182	-22811	-33733	-70672	-21785	8315	-6414	-16721	-57338	18881	-86157	-6641	-99008
-60387	-31083	-120689	-24773	-144321	-117208	4602	-148639	22191	-4079	-72765	-124918	-95636	-111571	-95768	-81362	-129608	265	-64661	8815	-69780	-61156	-152747	-110819	-139423	-102469	-115202	-24513	-93266	-75875	-104360	-17275	-54262	-112247	-81120	-80012	-73491	-151511	-92619	-68676	-129724	-55961	-94313	-13376	-109612	-55387	33312	136	-66767	-70393	934	-109789	-103644	-142607	-102455	-93868	-34688	-131948	-179174	-137990	-60078	-68224	-106305	-48469	-67269	-100287	-9927	-71092	-9231	-87437	-124389	-88828	-92029	-21314	14064	32688	-89415	-92643	-9844	-120191	-169004	-29419	-13671	-66004	-4893	-57055	1237	-66325	-102162	-100550	-88231	-34033	-163695	-683	-79861	-64745	-67777	-162585	3730	-6924	-65384	-115315	-68685	-171205	2126	-62697	-119889	-23657	-39384	-57603	-120528	-37178	15452	-10901	-28728	-97900	32809	-147696	-10530	-169099
-46296	-23752	-92445	-19013	-110644	-89903	3532	-114139	16985	-3079	-55907	-95636	-73424	-85612	-73292	-62285	-99418	313	-49576	6711	-53519	-46973	-117110	-84966	-106865	-78586	-88276	-18713	-71593	-58080	-80239	-13354	-41625	-86106	-62097	-61415	-56479	-115922	-71039	-52698	-99461	-42853	-72191	-10379	-84036	-42359	25504	55	-51214	-53875	733	-84226	-79386	-109403	-78550	-71932	-26695	-101215	-137274	-105610	-46078	-52349	-81380	-37162	-51506	-76968	-7634	-54589	-7109	-67054	-95363	-68120	-70494	-16351	10725	24976	-68375	-70933	-7559	-92241	-129609	-22359	-10472	-50801	-3813	-43903	952	-50831	-78263	-77035	-67733	-26205	-125489	-458	-61068	-49627	-51877	-124562	2981	-5308	-50257	-88567	-52609	-131226	1697	-48031	-91931	-18088	-30283	-44332	-92437	-28443	11650	-8416	-21934	-75015	25062	-113136	-8190	-129654
-54052	-27690	-107861	-22221	-129138	-105013	4109	-133303	19776	-3620	-65436	-111571	-85612	-100028	-85422	-72709	-116154	365	-57970	7846	-62444	-54882	-136663	-99145	-124724	-91670	-103118	-21925	-83642	-67796	-93774	-15653	-48621	-100448	-72484	-71644	-65944	-135340	-82886	-61521	-116092	-50062	-84313	-12095	-98058	-49487	29675	55	-59865	-62924	926	-98295	-92547	-127718	-91746	-83969	-31128	-118287	-160116	-123222	-53874	-61091	-95045	-43330	-60086	-89787	-8912	-63743	-8428	-78225	-111362	-79579	-82243	-19094	12445	29086	-79778	-82826	-8791	-107609	-151270	-26045	-12167	-59413	-4620	-51146	1174	-59267	-91379	-89776	-79089	-30590	-146465	-537	-71205	-57942	-60499	-145427	3475	-6145	-58588	-103581	-61257	-153224	2017	-56023	-107395	-21197	-35283	-51757	-107930	-33201	13472	-9791	-25590	-87557	29201	-132018	-9682	-151362
-46249	-23836	-92539	-18922	-110547	-89756	3598	-113792	17039	-3036	-55360	-95768	-73292	-85422	-73638	-62336	-99096	274	-49382	6728	-53443	-46751	-117127	-84855	-106897	-78623	-88113	-18682	-71347	-58035	-79783	-13064	-41457	-86123	-62148	-61389	-56278	-116097	-71032	-52544	-99353	-42904	-72275	-10148	-83967	-42458	25645	181	-51051	-53810	578	-84037	-79632	-109162	-78482	-71815	-26576	-100815	-137486	-105835	-45875	-52246	-81394	-37233	-51534	-76877	-7502	-54460	-6884	-67073	-95234	-67923	-70621	-16245	10927	25170	-68604	-70965	-7575	-92084	-129499	-22619	-10546	-50347	-3474	-43818	904	-50911	-78269	-77213	-67507	-26054	-125447	-550	-61305	-49549	-52035	-124504	2818	-5330	-50142	-88101	-52918	-131119	1631	-48038	-91713	-17979	-30335	-44151	-92264	-28464	12133	-8334	-22007	-74965	25255	-113208	-7865	-129489
-39370	-20215	-78645	-16152	-94061	-76398	2994	-96867	14400	-2681	-47496	-81362	-62285	-72709	-62336	-53064	-84501	170	-42179	5763	-45472	-39901	-99506	-72192	-90821	-66736	-75137	-16012	-60817	-49445	-68043	-11320	-35416	-73083	-52833	-52112	-47893	-98764	-60324	-44747	-84533	-36471	-61466	-8727	-71425	-36068	21635	66	-43539	-45896	650	-71544	-67463	-92938	-66806	-61178	-22613	-86032	-116672	-89919	-39197	-44455	-69294	-31529	-43844	-65328	-6506	-46302	-6093	-56936	-81094	-57941	-59921	-13885	9123	21250	-58238	-60371	-6418	-78282	-110061	-19203	-8878	-43083	-3254	-37136	815	-43176	-66605	-65486	-57522	-22225	-106660	-464	-51988	-42150	-44177	-105952	2420	-4491	-42565	-75203	-44677	-111562	1371	-40829	-78177	-15450	-25598	-37525	-78523	-24216	9958	-7121	-18722	-63794	21339	-96223	-6947	-110205
-62796	-32198	-125265	-25863	-150033	-121979	4689	-154798	22966	-4330	-76294	-129608	-99418	-116154	-99096	-84501	-135104	284	-67446	9164	-72552	-63813	-158637	-115260	-144814	-106373	-119938	-25533	-97181	-78878	-108933	-18283	-56578	-116529	-84244	-83110	-76581	-157275	-96217	-71518	-134883	-58135	-97941	-14121	-113925	-57476	34421	2	-69629	-73239	1165	-114255	-107346	-148385	-106575	-97661	-36155	-137574	-185870	-143105	-62700	-70988	-110460	-50253	-69843	-104273	-10454	-73985	-9914	-90786	-129393	-92528	-95430	-22271	14363	33722	-92653	-96260	-10177	-125005	-175686	-30282	-14080	-69121	-5550	-59266	1375	-68786	-106141	-104183	-91893	-35485	-170112	-612	-82714	-67370	-70240	-169032	4033	-7149	-67966	-120394	-70934	-178010	2305	-65117	-124866	-24777	-40837	-60003	-125409	-38625	15477	-11389	-29766	-101793	33849	-153339	-11331	-175875
162	-33	296	33	397	343	-103	554	23	-117	56	265	313	365	274	170	284	-216	117	20	182	261	461	219	414	381	211	-29	365	51	462	96	156	421	63	361	297	252	289	174	351	144	165	93	304	27	-62	24	116	28	57	279	330	395	336	110	191	271	434	312	80	188	200	126	116	370	22	252	-15	276	351	259	273	-22	-39	-47	140	118	97	334	416	13	36	266	-64	353	37	198	245	375	304	290	431	-20	86	47	210	304	-53	9	311	351	307	374	-45	86	340	-124	224	361	285	-36	49	82	-8	141	-38	330	94	439
-31353	-16050	-62495	-12912	-74866	-60869	2322	-77234	11441	-2181	-38146	-64661	-49576	-57970	-49382	-42179	-67446	117	-33708	4578	-36199	-31864	-79124	-57505	-72238	-53035	-59897	-12781	-48508	-39383	-54372	-9159	-28265	-58095	-42029	-41434	-38196	-78506	-47974	-35680	-67316	-29007	-48872	-7048	-56846	-28690	17124	-16	-34769	-36578	619	-57014	-53502	-74056	-53186	-48764	-18023	-68708	-92680	-71400	-31327	-35417	-55143	-25041	-34853	-52003	-5240	-36901	-5004	-45259	-64595	-46213	-47584	-11127	7133	16788	-46222	-48042	-5070	-62343	-87635	-15124	-7005	-34527	-2832	-29521	694	-34283	-52988	-51937	-45860	-17717	-84864	-319	-41242	-33614	-35042	-84353	2000	-3548	-33877	-60125	-35316	-88829	1137	-32490	-62337	-12402	-20307	-29915	-62584	-19273	7655	-5682	-14870	-50799	16867	-76502	-5710	-87767
4247	2213	8515	1750	10182	8260	-323	10450	-1550	322	5180	8815	6711	7846	6728	5763	9164	20	4578	-660	4916	4300	10745	7814	9800	7193	8154	1780	6583	5398	7334	1230	3844	7873	5745	5604	5137	10745	6503	4859	9131	3946	6689	928	7721	3913	-2332	-13	4708	5017	-105	7730	7275	10053	7223	6630	2424	9346	12601	9748	4251	4792	7544	3383	4770	7024	720	4993	680	6149	8769	6280	6487	1512	-958	-2308	6330	6550	690	8441	11884	2113	947	4645	389	3945	-100	4669	7204	7071	6227	2368	11530	61	5642	4577	4766	11494	-234	486	4555	8135	4790	12087	-130	4416	8488	1707	2712	4008	8499	2646	-1076	749	2045	6915	-2312	10427	755	11925
-33775	-17341	-67445	-13878	-80718	-65588	2557	-83226	12382	-2281	-40836	-69780	-53519	-62444	-53443	-45472	-72552	182	-36199	4916	-39048	-34259	-85406	-61983	-77944	-57290	-64441	-13702	-52220	-42407	-58502	-9747	-30378	-62763	-45328	-44756	-41169	-84635	-51798	-38437	-72553	-31273	-52702	-7550	-61293	-30934	18584	44	-37382	-39353	560	-61433	-57877	-79802	-57309	-52503	-19434	-73871	-100125	-77072	-33647	-38175	-59415	-27087	-37593	-56109	-5575	-39794	-5224	-48892	-69582	-49708	-51413	-11940	7808	18214	-49906	-51780	-5501	-67253	-94529	-16348	-7628	-37048	-2824	-31951	707	-37060	-57118	-56162	-49399	-19088	-91542	-356	-44564	-36213	-37845	-90907	2148	-3862	-36607	-64621	-38328	-95755	1225	-35038	-67078	-13249	-22037	-32283	-67433	-20772	8491	-6124	-16025	-54742	18286	-82547	-5989	-94589
-29692	-15082	-59129	-12202	-70880	-57604	2246	-73185	10749	-1985	-36009	-61156	-46973	-54882	-46751	-39901	-63813	261	-31864	4300	-34259	-30302	-74882	-54398	-68394	-50265	-56662	-11981	-46011	-37164	-51594	-8751	-26812	-55036	-39618	-39323	-36245	-74167	-45420	-33760	-63748	-27435	-46134	-6775	-53846	-26996	16172	-83	-32867	-34500	524	-53989	-50655	-70091	-50403	-46068	-17176	-64955	-87629	-67541	-29596	-33555	-52098	-23666	-32950	-49344	-5014	-34927	-4723	-42832	-61169	-43802	-45008	-10483	6747	15826	-43648	-45344	-4866	-59032	-82868	-14313	-6615	-32784	-2619	-28107	589	-32448	-50123	-49280	-43462	-16975	-80302	-275	-38935	-31677	-33238	-79730	1922	-3373	-32171	-56893	-33498	-83947	1070	-30703	-59055	-11585	-19282	-28451	-59180	-18110	7097	-5464	-14016	-47993	15887	-72331	-5474	-83068
-73904	-37963	-147660	-30327	-176625	-143539	5676	-182124	27120	-4916	-89097	-152747	-117110	-136663	-117127	-99506	-158637	461	-79124	10745	-85406	-74882	-187022	-135579	-170642	-125466	-140926	-29958	-114224	-92736	-127934	-21194	-66390	-137467	-99217	-98017	-90071	-185264	-113416	-84073	-158741	-68488	-115394	-16400	-134120	-67750	40735	172	-81740	-86039	1154	-134367	-126826	-174595	-125429	-114804	-42524	-161515	-219271	-168744	-73536	-83513	-130020	-59352	-82252	-122776	-12106	-87124	-11316	-107066	-152237	-108696	-112629	-26053	17190	39961	-109306	-113329	-12055	-147155	-206894	-35819	-16731	-80931	-6019	-69976	1555	-81177	-125016	-122994	-108060	-41736	-200368	-795	-97597	-79226	-82872	-198910	4666	-8443	-80124	-141318	-84073	-209563	2697	-76670	-146717	-28901	-48327	-70690	-147534	-45459	18816	-13359	-35063	-119762	40109	-180698	-12978	-206962
-53631	-27580	-107078	-22063	-128152	-104135	4016	-132111	19704	-3673	-64916	-110819	-84966	-99145	-84855	-72192	-115260	219	-57505	7814	-61983	-54398	-135579	-98486	-123764	-90935	-102365	-21744	-82888	-67379	-92863	-15473	-48240	-99623	-72015	-71027	-65369	-134384	-82241	-61053	-115223	-49663	-83679	-12003	-97339	-49135	29527	57	-59403	-62532	895	-97582	-91879	-126701	-90985	-83419	-30859	-117341	-158974	-122360	-53455	-60641	-94334	-43020	-59688	-89099	-8868	-63177	-8311	-77611	-110478	-78937	-81607	-18998	12393	28925	-79255	-82247	-8701	-106818	-150133	-25949	-12100	-58835	-4532	-50678	1133	-58838	-90670	-89134	-78420	-30240	-145348	-534	-70806	-57561	-60079	-144384	3412	-6150	-58094	-102611	-60794	-152046	1944	-55684	-106541	-21103	-34971	-51204	-107103	-33020	13485	-9713	-25464	-86976	29029	-131064	-9486	-150205
-67463	-34641	-134748	-27691	-161192	-130994	5156	-166194	24751	-4498	-81336	-139423	-106865	-124724	-106897	-90821	-144814	414	-72238	9800	-77944	-68394	-170642	-123764	-155762	-114496	-128649	-27313	-104257	-84636	-116770	-19365	-60617	-125436	-90530	-89443	-82220	-169069	-103497	-76715	-144911	-62514	-105282	-14998	-122424	-61819	37165	130	-74626	-78530	1030	-122654	-115733	-159324	-114491	-104799	-38819	-147410	-200082	-154008	-67128	-76239	-118647	-54158	-75053	-112093	-11068	-79488	-10349	-97687	-138963	-99237	-102758	-23785	15685	36447	-99750	-103421	-10996	-134299	-188813	-32708	-15260	-73886	-5511	-63854	1400	-74065	-114093	-112255	-98610	-38117	-182851	-712	-89079	-72292	-75662	-181541	4252	-7714	-73124	-128970	-76707	-191221	2458	-69987	-133935	-26386	-44099	-64500	-134648	-41461	17128	-12210	-32009	-109308	36581	-164890	-11857	-188894
-49570	-25441	-99055	-20322	-118487	-96273	3841	-122195	18179	-3251	-59663	-102469	-78586	-91670	-78623	-66736	-106373	381	-53035	7193	-57290	-50265	-125466	-90935	-114496	-84226	-94480	-20037	-76651	-62159	-85845	-14211	-44530	-92271	-66502	-65811	-60448	-124223	-76102	-56387	-106493	-45940	-77366	-11024	-89987	-45390	27347	108	-54788	-57658	724	-90135	-85135	-117102	-84153	-76955	-28566	-108273	-147097	-113201	-49270	-56020	-87185	-39820	-55159	-82419	-8124	-58452	-7543	-71845	-102115	-72911	-75576	-17442	11553	26814	-73312	-75965	-8121	-98726	-138770	-24036	-11234	-54280	-3969	-47024	1009	-54480	-83834	-82594	-72499	-28063	-134402	-521	-65462	-53092	-55626	-133384	3135	-5676	-53810	-94743	-56481	-140525	1809	-51410	-98422	-19295	-32472	-47480	-98941	-30439	12629	-8989	-23496	-80293	26897	-121200	-8689	-138821
-55816	-28606	-111350	-22952	-133292	-108310	4171	-137385	20392	-3854	-67641	-115202	-88276	-103118	-88113	-75137	-119938	211	-59897	8154	-64441	-56662	-140926	-102365	-128649	-94480	-106590	-22699	-86272	-70095	-96619	-16202	-50276	-103476	-74832	-73803	-67957	-139836	-85441	-63475	-119838	-51651	-87026	-12490	-101226	-51071	30565	6	-61820	-65079	1014	-101473	-95405	-131782	-94685	-86779	-32094	-122137	-165144	-127251	-55676	-63055	-98152	-44626	-62092	-92601	-9300	-65649	-8785	-80611	-114968	-82214	-84781	-19759	12809	29981	-82387	-85534	-9058	-110989	-155994	-27067	-12518	-61299	-4838	-52601	1185	-61103	-94360	-92627	-81587	-31534	-151118	-596	-73539	-59787	-62505	-150159	3508	-6354	-60316	-106813	-63066	-158098	1975	-57872	-110899	-21998	-36207	-53213	-111349	-34312	13822	-10123	-26502	-90435	30113	-136260	-10018	-156223
-11849	-6127	-23691	-4880	-28350	-23046	883	-29187	4335	-868	-14478	-24513	-18713	-21925	-18682	-16012	-25533	-29	-12781	1780	-13702	-11981	-29958	-21744	-27313	-20037	-22699	-4966	-18339	-14995	-20498	-3425	-10683	-21954	-16002	-15620	-14363	-29875	-18133	-13516	-25440	-10999	-18615	-2579	-21489	-10946	6479	42	-13149	-13938	295	-21536	-20239	-28038	-20112	-18481	-6736	-26064	-35114	-27096	-11879	-13355	-20993	-9458	-13244	-19570	-1967	-13953	-1915	-17132	-24444	-17476	-18059	-4222	2683	6396	-17587	-18260	-1903	-23531	-33160	-5784	-2648	-12990	-1113	-11040	305	-12981	-20092	-19621	-17346	-6606	-32134	-168	-15663	-12771	-13234	-32002	705	-1317	-12731	-22762	-13329	-33713	407	-12293	-23594	-4765	-7597	-11236	-23702	-7370	2980	-2089	-5672	-19255	6433	-29029	-2145	-33224
-45201	-23085	-90175	-18575	-108026	-87805	3463	-111528	16445	-3018	-54780	-93266	-71593	-83642	-71347	-60817	-97181	365	-48508	6583	-52220	-46011	-114224	-82888	-104257	-76651	-86272	-18339	-70072	-56698	-78530	-13206	-40756	-83961	-60512	-59935	-55159	-113150	-69266	-51478	-97097	-41835	-70451	-10198	-82030	-41259	24738	-22	-50033	-52622	812	-82221	-77321	-106828	-76769	-70179	-26095	-98974	-133734	-103015	-45049	-51086	-79490	-36134	-50260	-75111	-7555	-53285	-7104	-65371	-93165	-66649	-68733	-15958	10327	24248	-66649	-69175	-7404	-89959	-126384	-21818	-10124	-49800	-3926	-42792	940	-49532	-76395	-75127	-66214	-25717	-122434	-446	-59446	-48369	-50609	-121573	2898	-5141	-49012	-86655	-51156	-128060	1649	-46803	-89925	-17663	-29423	-43327	-90229	-27691	11065	-8238	-21381	-73165	24329	-110351	-8215	-126590
-36685	-18919	-73299	-15088	-87701	-71228	2739	-90316	13484	-2571	-44472	-75875	-58080	-67796	-58035	-49445	-78878	51	-39383	5398	-42407	-37164	-92736	-67379	-84636	-62159	-70095	-14995	-56698	-46224	-63443	-10570	-33023	-68095	-49349	-48516	-44615	-92108	-56217	-41792	-78817	-33981	-57341	-8154	-66597	-33674	20188	58	-40626	-42898	682	-66743	-62833	-86698	-62226	-57124	-21041	-80360	-108758	-83794	-36599	-41452	-64662	-29387	-40909	-60855	-6098	-43185	-5716	-53073	-75592	-54028	-55858	-13024	8448	19815	-54314	-56334	-5944	-73020	-102681	-17848	-8261	-40190	-3154	-34527	793	-40247	-62067	-60969	-53645	-20606	-99437	-412	-48499	-39424	-41096	-98861	2266	-4196	-39647	-70180	-41524	-104081	1275	-38115	-72924	-14508	-23788	-34918	-73292	-22657	9265	-6599	-17484	-59545	19893	-89737	-6484	-102778
-50630	-25814	-100910	-20844	-120975	-98412	3852	-125064	18419	-3367	-61536	-104360	-80239	-93774	-79783	-68043	-108933	462	-54372	7334	-58502	-51594	-127934	-92863	-116770	-85845	-96619	-20498	-78530	-63443	-88160	-14871	-45658	-94070	-67747	-67153	-61895	-126557	-77610	-57694	-108761	-46843	-78844	-11510	-91864	-46188	27676	-52	-56111	-58895	926	-92138	-86511	-119707	-85984	-78614	-29269	-110950	-149722	-115220	-50524	-57260	-88954	-40492	-56219	-84173	-8451	-59755	-8021	-73228	-104355	-74661	-76925	-17904	11514	27086	-74511	-77456	-8262	-100829	-141635	-24235	-11328	-55950	-4510	-48003	1095	-55442	-85524	-84019	-74217	-28842	-137131	-438	-66470	-54218	-56582	-136137	3347	-5743	-54965	-97257	-57205	-143451	1931	-52405	-100733	-19823	-33030	-48641	-101125	-30994	12250	-9246	-23883	-81946	27185	-123519	-9301	-141808
-8459	-4211	-16725	-3508	-20161	-16405	608	-20911	2978	-596	-10506	-17275	-13354	-15653	-13064	-11320	-18283	96	-9159	1230	-9747	-8751	-21194	-15473	-19365	-14211	-16202	-3425	-13206	-10570	-14871	-2678	-7735	-15553	-11169	-11153	-10370	-20972	-12848	-9649	-18149	-7753	-13033	-2054	-15316	-7571	4470	-116	-9411	-9830	246	-15406	-14205	-19993	-14363	-13124	-4946	-18642	-24671	-19059	-8508	-9570	-14778	-6630	-9345	-14038	-1529	-9941	-1494	-12100	-17441	-12578	-12669	-3020	1784	4359	-12257	-12827	-1386	-16788	-23495	-3986	-1812	-9558	-939	-7980	175	-9139	-14229	-13898	-12451	-4940	-22777	-45	-10897	-8979	-9382	-22639	600	-947	-9145	-16373	-9305	-23824	309	-8691	-16914	-3340	-5386	-8140	-16850	-5098	1689	-1605	-3948	-13625	4379	-20460	-1761	-23647
-26325	-13413	-52460	-10818	-62855	-51056	1981	-64821	9545	-1802	-31946	-54262	-41625	-48621	-41457	-35416	-56578	156	-28265	3844	-30378	-26812	-66390	-48240	-60617	-44530	-50276	-10683	-40756	-33023	-45658	-7735	-23780	-48756	-35184	-34814	-32068	-65862	-40247	-29938	-56512	-24323	-40957	-5965	-47742	-23980	14341	-57	-29136	-30657	500	-47860	-44906	-62149	-44667	-40888	-15186	-57621	-77718	-59937	-26258	-29736	-46250	-20969	-29262	-43688	-4455	-30937	-4193	-37962	-54233	-38835	-39916	-9311	5978	14058	-38758	-40253	-4303	-52311	-73462	-12755	-5865	-29011	-2333	-24836	531	-28769	-44468	-43683	-38518	-14983	-71203	-272	-34570	-28119	-29472	-70740	1666	-2991	-28461	-50406	-29670	-74465	914	-27249	-52355	-10326	-17023	-25140	-52476	-16110	6343	-4819	-12472	-42592	14119	-64178	-4827	-73655
-54291	-27886	-108498	-22269	-129791	-105481	4207	-133892	19938	-3556	-65382	-112247	-86106	-100448	-86123	-73083	-116529	421	-58095	7873	-62763	-55036	-137467	-99623	-125436	-92271	-103476	-21954	-83961	-68095	-94070	-15553	-48756	-101118	-72880	-72099	-66226	-136060	-83384	-61788	-116651	-50324	-84765	-12074	-98571	-49749	29977	137	-60022	-63161	795	-98739	-93270	-128299	-92163	-84305	-31278	-118631	-161171	-123984	-53977	-61372	-95507	-43648	-60414	-90279	-8872	-64063	-8253	-78729	-111849	-79848	-82811	-19114	12653	29387	-80305	-83230	-8881	-108171	-152072	-26269	-12317	-59462	-4360	-51522	1126	-59690	-91822	-90452	-79424	-30709	-147246	-558	-71715	-58202	-60896	-146123	3452	-6217	-58963	-103825	-61877	-153972	2007	-56324	-107797	-21152	-35602	-52029	-108421	-33362	13868	-9827	-25731	-87968	29483	-132781	-9507	-152077
-39191	-20275	-78367	-16125	-93710	-76168	2936	-96535	14482	-2721	-47420	-81120	-62097	-72484	-62148	-52833	-84244	63	-42029	5745	-45328	-39618	-99217	-72015	-90530	-66502	-74832	-16002	-60512	-49349	-67747	-11169	-35184	-72880	-52838	-51884	-47707	-98451	-60175	-44640	-84206	-36365	-61352	-8632	-71142	-36096	21673	148	-43431	-45808	661	-71302	-67271	-92636	-66490	-61031	-22450	-85791	-116443	-89588	-39091	-44297	-69097	-31523	-43694	-65046	-6389	-46207	-6027	-56817	-80744	-57623	-59781	-13896	9121	21271	-58107	-60278	-6319	-78082	-109869	-19013	-8890	-42848	-3277	-36945	891	-43075	-66342	-65150	-57280	-21921	-106347	-434	-51926	-42195	-43906	-105688	2446	-4481	-42406	-74985	-44520	-111329	1430	-40748	-77823	-15519	-25580	-37341	-78351	-24268	10124	-7012	-18669	-63666	21351	-95965	-6807	-109838
-38730	-19826	-77361	-15875	-92571	-75220	3017	-95525	14166	-2509	-46620	-80012	-61415	-71644	-61389	-52112	-83110	361	-41434	5604	-44756	-39323	-98017	-71027	-89443	-65811	-73803	-15620	-59935	-48516	-67153	-11153	-34814	-72099	-51884	-51462	-47268	-96974	-59452	-44064	-83207	-35874	-60390	-8663	-70309	-35401	21338	51	-42796	-44997	565	-70427	-66490	-91503	-65764	-60087	-22362	-84595	-114858	-88387	-38482	-43779	-68075	-31090	-43072	-64428	-6370	-45682	-5902	-56121	-79792	-56989	-59026	-13619	9002	20907	-57211	-59292	-6367	-77143	-108393	-18739	-8761	-42476	-3112	-36802	772	-42551	-65479	-64542	-56674	-22002	-104989	-394	-51071	-41442	-43456	-104157	2474	-4435	-42082	-74059	-44120	-109745	1420	-40142	-76919	-15019	-25386	-37163	-77291	-23734	9775	-7048	-18324	-62692	20972	-94645	-6839	-108454
-35635	-18208	-71061	-14662	-85113	-69226	2699	-87924	13024	-2363	-43145	-73491	-56479	-65944	-56278	-47893	-76581	297	-38196	5137	-41169	-36245	-90071	-65369	-82220	-60448	-67957	-14363	-55159	-44615	-61895	-10370	-32068	-66226	-47707	-47268	-43566	-89068	-54658	-40549	-76542	-32982	-55482	-8051	-64650	-32542	19551	-6	-39481	-41410	576	-64834	-60986	-84188	-60495	-55329	-20592	-77943	-105503	-81146	-35514	-40308	-62551	-28570	-39562	-59267	-5894	-42033	-5558	-51561	-73407	-52466	-54155	-12582	8206	19127	-52493	-54534	-5805	-70987	-99713	-17103	-8020	-39255	-3039	-33822	751	-39059	-60203	-59179	-52158	-20244	-96541	-308	-46873	-38154	-39882	-95806	2354	-4065	-38694	-68302	-40380	-100942	1356	-36919	-70790	-13934	-23328	-34196	-71127	-21833	8782	-6514	-16819	-57694	19193	-86952	-6420	-99772
-73262	-37698	-146422	-30052	-175086	-142210	5582	-180276	26863	-5001	-88377	-151511	-115922	-135340	-116097	-98764	-157275	252	-78506	10745	-84635	-74167	-185264	-134384	-169069	-124223	-139836	-29875	-113150	-92108	-126557	-20972	-65862	-136060	-98451	-96974	-89068	-183966	-112295	-83306	-157324	-67913	-114512	-16144	-132927	-67257	40332	184	-81025	-85481	1227	-133132	-125633	-172998	-124309	-113898	-42014	-160156	-217288	-167430	-72946	-82712	-129071	-58724	-81643	-121535	-12057	-86201	-11293	-106015	-150923	-107790	-111620	-25867	17004	39629	-108514	-112450	-11925	-145697	-204934	-35757	-16542	-80076	-6040	-69046	1548	-80411	-123990	-121885	-107030	-41235	-198561	-890	-96863	-78550	-82200	-197290	4468	-8347	-79181	-139956	-83201	-207749	2555	-76028	-145486	-28792	-47637	-69790	-146199	-45157	18707	-13176	-34889	-118780	39798	-179189	-12840	-205135
-44808	-23027	-89526	-18402	-107102	-87056	3428	-110469	16463	-2980	-54047	-92619	-71039	-82886	-71032	-60324	-96217	289	-47974	6503	-51798	-45420	-113416	-82241	-103497	-76102	-85441	-18133	-69266	-56217	-77610	-12848	-40247	-83384	-60175	-59452	-54658	-112295	-68810	-50989	-96264	-41535	-69961	-9971	-81331	-41079	24726	105	-49584	-52161	676	-81502	-76918	-105873	-76061	-69617	-25800	-97936	-132993	-102300	-44596	-50658	-78819	-36016	-49858	-74487	-7329	-52849	-6852	-64946	-92308	-65895	-68297	-15804	10435	24236	-66261	-68722	-7300	-89274	-125500	-21670	-10156	-49098	-3652	-42471	947	-49233	-75787	-74577	-65529	-25302	-121518	-457	-59190	-48061	-50239	-120622	2858	-5129	-48624	-85711	-50993	-127089	1662	-46499	-88959	-17528	-29358	-42892	-89478	-27566	11414	-8111	-21243	-72633	24316	-109566	-7861	-125510
-33238	-17078	-66371	-13681	-79484	-64603	2513	-82014	12180	-2270	-40341	-68676	-52698	-61521	-52544	-44747	-71518	174	-35680	4859	-38437	-33760	-84073	-61053	-76715	-56387	-63475	-13516	-51478	-41792	-57694	-9649	-29938	-61788	-44640	-44064	-40549	-83306	-50989	-37916	-71432	-30784	-51896	-7475	-60357	-30431	18282	22	-36828	-38783	604	-60513	-56927	-78609	-56429	-51698	-19155	-72844	-98513	-75823	-33159	-37595	-58522	-26639	-37016	-55234	-5528	-39214	-5187	-48135	-68509	-48978	-50611	-11788	7624	17909	-49104	-50976	-5409	-66241	-93088	-16034	-7473	-36565	-2885	-31432	720	-36479	-56197	-55253	-48687	-18780	-90121	-324	-43841	-35703	-37200	-89527	2131	-3803	-36038	-63723	-37644	-94301	1217	-34497	-66124	-13072	-21663	-31807	-66441	-20468	8273	-6017	-15761	-53911	17965	-81258	-5951	-93157
-62821	-32206	-125382	-25799	-150045	-121914	4756	-154699	23000	-4235	-75889	-129724	-99461	-116092	-99353	-84533	-134883	351	-67316	9131	-72553	-63748	-158741	-115223	-144911	-106493	-119838	-25440	-97097	-78817	-108761	-18149	-56512	-116651	-84206	-83207	-76542	-157324	-96264	-71432	-134920	-58143	-97930	-14048	-113972	-57472	34508	46	-69508	-73139	1033	-114216	-107583	-148337	-106572	-97605	-36167	-137326	-186061	-143280	-62549	-70987	-110422	-50331	-69868	-104336	-10397	-73959	-9736	-90845	-129384	-92467	-95542	-22185	14513	33828	-92767	-96231	-10235	-125006	-175685	-30440	-14156	-68901	-5253	-59393	1293	-68872	-106194	-104422	-91832	-35538	-170149	-652	-82826	-67274	-70406	-168968	3974	-7181	-68036	-120125	-71230	-177942	2254	-65146	-124753	-24608	-40932	-60014	-125340	-38573	15724	-11405	-29800	-101753	33961	-153419	-11159	-175841
-27073	-13912	-54086	-11115	-64691	-52592	2068	-66689	9928	-1820	-32660	-55961	-42853	-50062	-42904	-36471	-58135	144	-29007	3946	-31273	-27435	-68488	-49663	-62514	-45940	-51651	-10999	-41835	-33981	-46843	-7753	-24323	-50324	-36365	-35874	-32982	-67913	-41535	-30784	-58143	-25122	-42299	-5978	-49119	-24850	14908	69	-29966	-31542	423	-49207	-46440	-63929	-45965	-42063	-15550	-59178	-80310	-61832	-26960	-30581	-47659	-21731	-30124	-44955	-4428	-31894	-4173	-39200	-55777	-39823	-41249	-9547	6297	14635	-40065	-41542	-4400	-53870	-75773	-13144	-6114	-29640	-2236	-25573	584	-29720	-45807	-45023	-39564	-15263	-73391	-300	-35769	-29027	-30363	-72891	1688	-3074	-29304	-51780	-30767	-76777	992	-28082	-53764	-10624	-17680	-25863	-54039	-16665	6902	-4876	-12857	-43881	14693	-66187	-4759	-75813
-45588	-23506	-91154	-18725	-109001	-88592	3477	-112310	16755	-3111	-55065	-94313	-72191	-84313	-72275	-61466	-97941	165	-48872	6689	-52702	-46134	-115394	-83679	-105282	-77366	-87026	-18615	-70451	-57341	-78844	-13033	-40957	-84765	-61352	-60390	-55482	-114512	-69961	-51896	-97930	-42299	-71348	-10030	-82737	-41918	25143	157	-50467	-53225	772	-82886	-78240	-107730	-77390	-70899	-26143	-99746	-135350	-104212	-45424	-51494	-80367	-36608	-50812	-75654	-7454	-53732	-7023	-66061	-93942	-67064	-69536	-16104	10590	24706	-67563	-70040	-7400	-90748	-127679	-22172	-10314	-49861	-3785	-42998	1010	-50090	-77180	-75836	-66652	-25614	-123659	-531	-60316	-48969	-51112	-122861	2816	-5193	-49321	-87212	-51810	-129421	1647	-47329	-90558	-17957	-29725	-43489	-91071	-28149	11700	-8170	-21697	-73965	24802	-111583	-7979	-127730
-6532	-3266	-12922	-2713	-15592	-12667	457	-16173	2333	-449	-8091	-13376	-10379	-12095	-10148	-8727	-14121	93	-7048	928	-7550	-6775	-16400	-12003	-14998	-11024	-12490	-2579	-10198	-8154	-11510	-2054	-5965	-12074	-8632	-8663	-8051	-16144	-9971	-7475	-14048	-5978	-10030	-1650	-11865	-5819	3514	-101	-7261	-7571	137	-11947	-11027	-15457	-11084	-10147	-3851	-14369	-19120	-14722	-6551	-7428	-11383	-5161	-7219	-10918	-1182	-7693	-1103	-9384	-13465	-9701	-9807	-2346	1407	3385	-9455	-9899	-1077	-13047	-18212	-3042	-1423	-7384	-680	-6248	111	-7087	-10962	-10798	-9623	-3829	-17624	-9	-8452	-6954	-7262	-17485	488	-764	-7138	-12613	-7250	-18401	243	-6745	-13052	-2545	-4232	-6320	-13040	-3930	1334	-1265	-3036	-10542	3391	-15820	-1318	-18288
-53063	-27212	-105943	-21782	-126774	-102980	4034	-130685	19431	-3573	-64065	-109612	-84036	-98058	-83967	-71425	-113925	304	-56846	7721	-61293	-53846	-134120	-97339	-122424	-89987	-101226	-21489	-82030	-66597	-91864	-15316	-47742	-98571	-71142	-70309	-64650	-132927	-81331	-60357	-113972	-49119	-82737	-11865	-96306	-48531	29170	42	-58686	-61790	860	-96491	-90921	-125314	-90028	-82443	-30557	-115994	-157204	-121073	-52816	-59966	-93300	-42517	-59042	-88144	-8795	-62475	-8197	-76759	-109296	-78114	-80740	-18732	12272	28598	-78389	-81288	-8662	-105607	-148406	-25744	-11963	-58184	-4406	-50189	1080	-58201	-89704	-88269	-77587	-30026	-143749	-555	-69993	-56824	-59497	-142741	3342	-6073	-57488	-101435	-60209	-150320	1884	-55038	-105393	-20760	-34574	-50700	-105880	-32586	13317	-9638	-25179	-85960	28705	-129628	-9405	-148551
-26762	-13850	-53508	-11002	-63949	-52004	2008	-65866	9903	-1846	-32322	-55387	-42359	-49487	-42458	-36068	-57476	27	-28690	3913	-30934	-26996	-67750	-49135	-61819	-45390	-51071	-10946	-41259	-33674	-46188	-7571	-23980	-49749	-36096	-35401	-32542	-67257	-41079	-30431	-57472	-24850	-41918	-5819	-48531	-24724	14799	135	-29658	-31261	444	-48630	-45943	-63217	-45383	-41667	-15279	-58534	-79542	-61182	-26687	-30219	-47183	-21547	-29816	-44372	-4306	-31541	-4104	-38787	-55121	-39299	-40827	-9477	6256	14541	-39707	-41187	-4295	-53265	-75021	-12988	-6083	-29187	-2211	-25187	626	-29406	-45324	-44440	-39056	-14920	-72605	-320	-35472	-28818	-29977	-72160	1655	-3037	-28913	-51183	-30423	-76025	993	-27817	-53077	-10613	-17478	-25467	-53479	-16587	6995	-4752	-12761	-43463	14614	-65526	-4611	-74963
16041	8350	32162	6578	38405	31185	-1234	39531	-5992	1066	19222	33312	25504	29675	25645	21635	34421	-62	17124	-2332	18584	16172	40735	29527	37165	27347	30565	6479	24738	20188	27676	4470	14341	29977	21673	21338	19551	40332	24726	18282	34508	14908	25143	3514	29170	14799	-9006	-102	17734	18711	-176	29212	27731	37929	27222	24965	9209	35006	47887	36777	15919	18155	28286	13001	17914	26717	2562	18951	2327	23362	33043	23525	24589	5665	-3835	-8810	23875	24696	2613	32054	45092	7809	3700	17424	1173	15242	-330	17734	27161	26834	23430	8954	43623	176	21378	17298	18042	43298	-999	1874	17452	30572	18443	45614	-587	16724	31809	6263	10609	15329	32095	9944	-4343	2871	7645	26085	-8827	39382	2641	44995
15	89	131	-3	80	81	-25	47	-70	-9	-86	136	55	55	181	66	2	24	-16	-13	44	-83	172	57	130	108	6	42	-22	58	-52	-116	-57	137	148	51	-6	184	105	22	46	69	157	-101	42	135	-102	-92	11	52	33	21	180	62	35	42	-41	2	286	170	-10	9	110	103	58	19	-86	62	-78	124	34	-43	155	-14	-83	-125	164	124	-10	67	174	43	58	-116	-94	13	-27	102	82	89	3	-92	146	24	159	89	44	142	25	3	27	-9	165	182	-21	52	-15	22	87	0	82	82	-240	-50	41	81	-124	176	-119	89
-32375	-16601	-64537	-13346	-77285	-62869	2384	-79743	11858	-2250	-39349	-66767	-51214	-59865	-51051	-43539	-69629	116	-34769	4708	-37382	-32867	-81740	-59403	-74626	-54788	-61820	-13149	-50033	-40626	-56111	-9411	-29136	-60022	-43431	-42796	-39481	-81025	-49584	-36828	-69508	-29966	-50467	-7261	-58686	-29658	17734	11	-35938	-37736	600	-58878	-55291	-76449	-54913	-50357	-18618	-70887	-95793	-73721	-32344	-36593	-56888	-25923	-35967	-53728	-5354	-38125	-5131	-46771	-66674	-47660	-49138	-11487	7417	17370	-47733	-49636	-5211	-64423	-90562	-15576	-7264	-35622	-2871	-30520	731	-35426	-54711	-53614	-47322	-18247	-87666	-310	-42629	-34738	-36184	-87109	2095	-3679	-35003	-62066	-36527	-91744	1212	-33570	-64308	-12824	-21066	-30896	-64629	-19923	7986	-5865	-15341	-52482	17448	-79000	-5833	-90623
-34045	-17558	-68007	-14018	-81380	-66117	2522	-83816	12505	-2412	-41346	-70393	-53875	-62924	-53810	-45896	-73239	28	-36578	5017	-39353	-34500	-86039	-62532	-78530	-57658	-65079	-13938	-52622	-42898	-58895	-9830	-30657	-63161	-45808	-44997	-41410	-85481	-52161	-38783	-73139	-31542	-53225	-7571	-61790	-31261	18711	52	-37736	-39838	653	-61943	-58263	-80456	-57756	-53027	-19516	-74614	-100896	-77741	-34002	-38466	-60016	-27259	-37954	-56459	-5659	-40073	-5349	-49237	-70157	-50152	-51811	-12095	7818	18369	-50388	-52295	-5499	-67752	-95284	-16547	-7656	-37329	-2984	-32004	758	-37326	-57602	-56522	-49788	-19109	-92274	-378	-44993	-36596	-38115	-91760	2110	-3884	-36768	-65180	-38475	-96608	1193	-35363	-67690	-13513	-22056	-32388	-68022	-21038	8558	-6123	-16223	-55269	18442	-83264	-6050	-95385
487	239	920	230	1163	967	-4	1237	-142	98	845	934	733	926	578	650	1165	57	619	-105	560	524	1154	895	1030	724	1014	295	812	682	926	246	500	795	661	565	576	1227	676	604	1033	423	772	137	860	444	-176	33	600	653	-140	899	663	1203	817	808	266	1247	1280	1023	579	538	902	310	554	729	142	579	206	642	1022	785	663	225	4	-185	662	758	54	938	1324	188	54	658	232	345	-56	467	820	663	762	253	1279	6	553	564	451	1343	-45	31	453	1091	336	1413	-14	486	1051	297	183	429	1010	332	63	74	235	809	-193	1151	219	1381
