-18604	-10948	-214	-16515	8609	-4944	-192	-5607	-21323	-2986	-16105	-6710	2224	-12317	-9690	-7124	-6638	-1804	-11879	-9089	3964	642	-1345	-11023	3008	-5216	-7777	5631	3790	-14971	1646	-11289	-11579	-16444	-18894	-8755	-20302	-27530	781	-16007	-1474	-17546	5017	-22804	1690	-537	-1884	2125	-17608	-13244	-607	-8987	2500	7058	-11991	-3481	3516	-3946	-7332	-14342	-22229	-19427	4464	-9608	434	-16901	-16518	-9917	-280	-11206	-140	-8205	-12468	-7881	-21921	1118	-8509	-15171	4086	6619	-20057	5584	-10248	-14343	-19164	-12513	9173	-15850	-12827	-4963	-9391	-2145	-10238	-600	-11366	-2507	-7735	-13326	-9323	-11818	-17890	-9823	-20578	-7165	2613	-9332	-10119	-4802	-4027	-16180	-16433	-19642	-18011	-12906	-19815	-287	6208	-160	-2146	-9129	2663	-2194	-13743	5773	3608	5504	-15500	-16519	-7595	-21598	-7135	-6071	3732	-3903	227	-1662	355	-9079	-316	-4207	-233	-3223	-9163	-18535	-284	-313	-9861	-4323	2871	-12926	5316	-19501	3686	-3400	-15874	-14685	-15176	-6694	4904	-174	129	254	-916	2983	-20726	-23977	278	-3943	10299
-10948	-6970	-61	-9496	6626	-2632	-91	-3114	-12777	-935	-8656	-4162	1342	-6444	-6364	-3710	-3861	-427	-5818	-4257	3902	234	-127	-6703	2640	-2611	-4806	4316	3063	-8400	1004	-6623	-7051	-9853	-11198	-5119	-11515	-16502	1092	-9321	-801	-10858	3861	-13450	1572	-45	-1312	1541	-10589	-6860	-94	-4752	2515	4544	-7189	-2272	2876	-963	-4710	-8006	-14137	-12064	3871	-5179	165	-9883	-9230	-5034	-195	-7059	-100	-5071	-7251	-4045	-12420	1663	-5101	-9585	2813	4676	-11811	3870	-5574	-7985	-11820	-7811	6721	-9335	-8622	-2222	-5647	-993	-6794	122	-5791	-1227	-4542	-8352	-4677	-7158	-11613	-5458	-12120	-4045	1929	-6043	-5626	-2137	-1862	-9964	-10349	-11300	-10893	-7836	-11373	-146	4921	818	-740	-5649	2553	-1234	-8272	4826	2959	3301	-9762	-9627	-4455	-12618	-3680	-3294	2228	-1122	96	-1207	70	-4819	-90	-1958	-77	-2117	-5097	-11378	-75	-148	-4573	-1964	2582	-7130	3929	-11562	3014	-2232	-9729	-7850	-9304	-2646	3628	-128	804	168	428	1797	-11421	-14345	153	-1053	6576
-214	-61	-32	-70	-20	17	-20	-110	-205	-83	-102	45	82	-195	169	-217	-36	10	-166	-223	-92	60	-59	69	-120	-295	7	-130	-108	-193	88	-94	65	111	-80	-124	-128	-95	-25	-126	-120	-229	-171	-95	-157	80	-111	-196	-56	-270	-292	-78	-204	-51	40	-49	-88	-100	77	-184	-21	-35	-127	-80	44	-184	-231	-188	8	-65	8	120	84	-57	-221	-220	-162	37	-184	-105	45	11	-140	-164	-47	-89	-216	-67	76	-178	46	-71	24	-310	-337	-5	84	-67	-85	115	66	50	-205	-75	-169	87	-155	4	-12	-60	-94	-173	-196	-154	-72	-14	-159	-190	122	-127	-172	-161	-175	-14	-104	-108	255	-4	-102	-217	112	-1	164	-405	16	37	48	-250	-32	-30	-24	-33	102	-249	-30	-16	-345	32	-132	-339	-44	-43	-112	264	-187	-205	-132	-423	-60	0	107	8	-200	30	-283	45	0	-116	-144
-16515	-9496	-70	-21316	2893	-8806	89	-7522	-22867	-6953	-24258	-11662	-413	-14346	-16683	-1427	-7823	-7196	-16153	-9013	1334	318	-3824	-17068	4664	3788	-10174	9109	5207	-16464	826	-12399	-18790	-26842	-22550	-8613	-25311	-32657	-270	-17341	2479	-14176	8838	-30536	5954	-3731	2050	8347	-20816	-13309	11000	-11067	4766	9471	-18634	-1596	4747	-9701	-11833	-17065	-24661	-22332	3737	-11465	56	-15820	-17402	-11354	-215	-10000	-30	-18187	-21937	-13537	-25553	3481	-5210	-18886	11704	10317	-31696	6629	-9175	-16276	-22355	-10623	14400	-18043	-14975	-4016	-12520	-522	-10478	9135	-9171	-5277	-15274	-12547	-14690	-21560	-24251	-19251	-18976	-8555	8607	-11846	-12098	-11587	-4515	-21255	-14111	-22727	-16097	-9311	-25131	-322	7296	321	-12305	-4431	4756	4535	-9698	2316	4907	10763	-28490	-24486	-5533	-21294	-18548	-11807	-2981	2290	158	-3247	-26	-8298	-39	-8545	26	-1567	-20144	-14790	-229	-130	-5681	-12971	4685	-7388	6323	-24620	5116	-14132	-12657	-16213	-13362	941	5940	-254	-9937	158	-1163	4413	-21469	-36105	89	-8854	18549
8609	6626	-20	2893	-12932	-1032	200	1174	8629	-4723	-1088	-1622	-3456	318	-768	5043	1702	-4597	-2440	1484	-7198	-339	-2405	662	-2312	7907	1215	-2661	-3016	3204	-1961	4542	-226	-670	5249	3157	3265	7164	-3228	5034	3693	11307	-1328	2713	604	-2165	5794	2174	5531	2195	8302	807	-2361	-1312	87	3791	-2795	-5749	952	1182	10043	7297	-5591	1359	-151	7305	3707	897	351	6053	196	-3215	-2529	-2709	4969	-1623	6138	5102	3768	-1916	-213	-2074	2627	3757	7133	7469	-3152	4568	6092	1407	1304	1171	6279	6269	3888	-2436	-2674	7458	-2785	-2372	5634	-3591	9353	1722	3004	2848	2120	-4721	-1008	3200	9817	4447	10171	8988	2965	151	-4905	-1973	-8615	8032	-2284	6310	9870	-9778	-3025	1114	-1849	144	5007	9683	-8234	-2830	-6799	2492	-101	-197	-109	3083	49	-2860	205	3500	-5415	12091	-144	231	3716	-6147	-2335	8267	-3625	4079	-2802	-6564	9156	2794	9019	5149	-3379	62	-10089	-202	-3132	-493	5181	1305	-345	-5956	766
-4944	-2632	17	-8806	-1032	-4514	105	-3432	-7946	-3454	-11024	-4270	-538	-5338	-6387	563	-3118	-4342	-6972	-4113	-1639	206	-2623	-7182	1296	2700	-3575	3105	1559	-5748	199	-4965	-7747	-11410	-8550	-2817	-10047	-11617	-593	-6445	1518	-3600	3006	-11644	2605	-2765	953	4443	-7875	-4831	6059	-4822	1463	3190	-7605	-89	1290	-5803	-4924	-5888	-8182	-7825	240	-4733	-21	-5287	-5884	-4733	-89	-2749	-16	-8196	-9554	-6331	-9891	1101	-845	-6888	4975	3676	-13567	1327	-2823	-6644	-8054	-3001	4959	-6744	-4713	-1790	-4784	-121	-3268	4931	-3286	-2410	-6827	-3887	-6664	-9145	-8924	-8921	-6230	-3662	3717	-4207	-4732	-6174	-1810	-7577	-3752	-8431	-5213	-2505	-9880	-212	1795	-375	-6705	-613	1391	2638	-2805	-696	1428	5055	-12228	-10032	-1873	-7717	-8839	-5388	-2558	1760	55	-1264	-9	-3019	-36	-4154	30	-74	-9526	-4031	-72	-63	-1789	-6746	1350	-1660	1716	-9317	1477	-6990	-3044	-6551	-4131	1198	1720	-86	-5856	-4	-651	1760	-7676	-14864	57	-4716	7511
-192	-91	-20	89	200	105	-48	-114	-106	109	162	328	198	-14	511	-383	-9	173	35	-246	-79	92	-40	314	-206	-664	163	-298	-166	-32	168	-105	386	499	102	-87	100	236	48	-90	-288	-295	-369	293	-316	125	-360	-379	66	-176	-719	-14	-306	-211	332	-128	-138	50	249	52	130	130	-132	-8	68	-204	-86	-116	0	-63	-8	477	470	140	-52	-328	-233	208	-535	-270	465	-164	-80	-124	96	-133	-457	67	186	-223	226	-142	66	-663	-440	125	411	-77	115	544	340	408	-228	-59	-435	207	-79	217	58	211	-127	6	-287	-295	192	-30	-236	-220	489	-299	-270	-442	-365	131	-154	-284	759	343	-205	-259	599	217	380	-574	24	82	64	-261	-36	147	-44	-76	506	-379	-18	-32	-490	327	-214	-531	-88	227	-178	655	-231	-151	-181	-669	-110	4	489	4	-133	-10	-167	544	16	108	-520
-5607	-3114	-110	-7522	1174	-3432	-114	-4182	-8600	-2126	-9041	-2162	775	-4517	-2994	-1003	-2790	-2791	-5330	-4693	-1039	784	-2433	-5027	573	-944	-2382	2034	1039	-5393	1497	-5345	-5243	-7709	-7453	-3132	-8485	-9402	283	-6137	-253	-5757	1142	-9286	1042	-1561	-1698	2073	-7003	-5012	1695	-4138	136	1733	-5301	-1060	920	-4435	-3477	-4954	-7484	-6866	74	-4046	349	-5872	-5657	-4777	-89	-2946	-20	-5358	-6029	-4815	-9339	-381	-2318	-5545	1715	2392	-10099	879	-2385	-6787	-7350	-3612	2678	-5678	-3828	-2742	-2956	-554	-3119	942	-5286	-1264	-4109	-4315	-4891	-5592	-7296	-5970	-6854	-3711	1074	-2671	-5041	-4141	-474	-6283	-4360	-7632	-6808	-4105	-7732	-422	893	-1355	-3053	-2278	265	-52	-4765	1353	998	2982	-7219	-7288	-2847	-8683	-4290	-3677	-224	-1210	205	-723	353	-4407	-257	-2894	-227	-767	-5843	-6513	-168	-259	-3651	-4280	590	-4421	1698	-7409	873	-2571	-4272	-6465	-5200	-2153	1458	-82	-2193	50	-978	1804	-7566	-10969	127	-3081	4395
-21323	-12777	-205	-22867	8629	-7946	-106	-8600	-28378	-5572	-24215	-12381	977	-15768	-17231	-3606	-8585	-4957	-15755	-9508	5583	636	-2547	-17616	6074	579	-11425	11033	6836	-19377	2155	-14461	-19534	-27243	-25551	-10712	-27635	-37571	1322	-20002	976	-20693	9977	-33862	5928	-1661	56	6773	-23802	-15376	7628	-11310	5781	10624	-19614	-3395	6461	-6976	-12588	-19587	-30379	-26572	6442	-12121	301	-19600	-20681	-12290	-278	-13177	-38	-17898	-21477	-12761	-28900	3975	-8634	-21811	10921	11942	-32693	9289	-10782	-18240	-26520	-14234	16657	-20314	-18637	-4712	-13314	-741	-13494	6323	-11743	-4509	-14651	-16273	-13959	-21648	-28284	-18316	-23629	-9293	7829	-13284	-14060	-9481	-3701	-24734	-19224	-25932	-21236	-13388	-27165	-418	9795	877	-8828	-7672	5931	2294	-13897	7152	6557	9959	-28308	-25584	-7370	-25975	-15679	-11246	16	223	275	-3416	167	-10577	-125	-7700	-150	-3194	-18358	-21259	-311	-263	-7592	-10868	6053	-11690	8763	-27504	6697	-11372	-17935	-17858	-17738	-1610	7918	-308	-5930	332	-711	5138	-25060	-38112	144	-6710	19296
-2986	-935	-83	-6953	-4723	-3454	109	-2126	-5572	-5344	-9751	-6839	-2182	-6210	-8417	2090	-2236	-4622	-7662	-1904	-1436	-203	-2011	-6764	1435	6218	-4190	3252	1130	-5752	-716	-2310	-8335	-11640	-6745	-2258	-8749	-10970	-1573	-4550	3177	-883	3923	-12246	3138	-1637	4654	4152	-5844	-4473	9058	-3598	1360	3972	-8127	1231	1169	-5714	-4577	-7519	-6082	-6188	-444	-3676	-65	-2877	-6023	-3850	149	-1627	140	-9576	-10552	-6634	-7961	1124	553	-5701	7652	4049	-13290	3171	-2795	-4187	-6087	-902	5559	-5139	-4180	-349	-4784	657	-1525	7272	-1377	-3564	-7859	-1722	-7263	-10756	-8178	-9702	-3141	-2186	5794	-3932	-3938	-6530	-2266	-8375	-1610	-7484	-1455	813	-9005	47	1487	-375	-9350	2448	1472	5567	1431	-3379	1006	4784	-13265	-10407	768	-3490	-12139	-6437	-4634	2318	-2	-1705	-124	-1671	76	-4834	143	1046	-11022	-323	-198	126	133	-8273	1405	1327	1509	-8597	1273	-9465	-1464	-4757	-1021	3708	1319	-98	-9175	24	-2158	1673	-6435	-14739	-243	-6299	8904
-16105	-8656	-102	-24258	-1088	-11024	162	-9041	-24215	-9751	-29496	-13971	-1558	-16486	-19481	569	-8596	-10378	-19686	-10400	-1307	447	-5716	-19966	4660	7247	-11313	9926	5148	-18095	657	-13367	-22268	-31943	-24733	-8945	-28703	-35516	-1235	-18603	4125	-12801	9752	-34927	7363	-5379	3842	10893	-22651	-14772	16054	-12802	4726	10336	-21966	-654	4658	-13896	-13806	-19284	-25429	-23700	2260	-13005	58	-15929	-18870	-13190	-144	-9320	44	-22938	-26726	-17061	-28517	3430	-3914	-20429	14886	11501	-37788	6791	-9328	-18171	-23957	-9690	15729	-19478	-15278	-4497	-14019	-65	-10115	13027	-9675	-6901	-19016	-12077	-18263	-26250	-26841	-24253	-18862	-9687	11008	-12608	-13836	-15615	-5134	-23876	-12813	-25106	-15624	-7799	-28392	-436	6641	-510	-17576	-2265	4741	7531	-8090	-380	4801	13208	-34248	-28747	-4867	-21937	-24525	-14989	-6035	3629	186	-3831	0	-9000	-66	-11206	48	-657	-25833	-13338	-332	-128	-5279	-17769	4717	-5840	6282	-27446	5051	-18881	-11348	-18189	-12608	2890	5887	-284	-15322	138	-2423	5224	-23248	-42298	8	-12536	22154
-6710	-4162	45	-11662	-1622	-4270	328	-2162	-12381	-6839	-13971	-16142	-4623	-9601	-20933	6330	-3671	-5029	-9654	2359	6420	-1388	302	-13984	7542	15138	-10040	11895	6682	-10543	-1682	-3267	-17771	-23678	-13489	-4263	-15195	-24456	-424	-8079	7068	-4854	13146	-25303	9395	-392	10178	8951	-12176	-5054	19355	-3904	8357	10545	-17165	1436	6695	-3507	-10805	-14435	-17693	-15654	5759	-4781	-691	-5157	-10817	-3411	190	-5591	266	-20140	-20501	-9412	-13119	7615	118	-14562	18266	12344	-25747	11116	-4383	-4932	-14798	-3768	18502	-9946	-14118	3179	-10616	3008	-6704	16887	2362	-5772	-15523	-5757	-10265	-22844	-21782	-17417	-5989	-2274	14147	-10685	-6089	-8528	-2540	-19710	-7152	-13741	-3589	971	-16687	460	9745	4304	-15576	4357	8317	12070	2940	193	6391	9314	-29329	-20239	2684	-5488	-21742	-11226	-8501	9873	-209	-4400	-949	-333	745	-7014	588	827	-19855	-2557	-41	541	6292	-13087	7611	5112	7409	-18075	7051	-19796	-5575	-4994	-3444	13550	6636	-296	-14711	232	-83	3440	-9803	-30152	-596	-6400	21216
2224	1342	82	-413	-3456	-538	198	775	977	-2182	-1558	-4623	-2516	-816	-5813	4173	231	-1743	-1173	3038	997	-761	343	-2700	1966	7364	-1964	2901	1416	-312	-1319	1727	-4010	-5197	-410	638	-887	-2520	-662	897	3254	3087	3730	-4038	3136	-238	4805	3054	-194	1249	7920	577	2462	2343	-3677	1630	1476	-749	-2287	-2048	-877	-973	810	424	-408	2358	-55	1090	148	800	136	-5722	-5049	-1855	459	2566	2429	-1677	6190	2946	-5010	2679	660	1734	-661	1877	4652	81	-1966	2466	-1897	1622	215	6924	3871	-1785	-4220	1367	-1936	-6009	-3568	-4460	2978	944	4945	-1810	327	-2388	-362	-3361	1642	-380	3522	3888	-1653	283	1967	1645	-5911	4176	2382	5433	4885	-2073	1338	2372	-7641	-3806	3043	3550	-7139	-2950	-4438	4843	-156	-1275	-480	2312	378	-1809	310	1293	-5670	4229	57	308	4809	-4211	2026	5469	1228	-2103	1594	-7161	2123	1646	2793	6960	1109	-60	-6205	12	50	467	1339	-5693	-304	-1904	5642
-12317	-6444	-195	-14346	318	-5338	-14	-4517	-15768	-6210	-16486	-9601	-816	-11988	-12461	-2048	-5277	-4703	-12865	-6222	1050	131	-2251	-11404	2834	2621	-7741	5683	2956	-12874	131	-7621	-13095	-18473	-15483	-6444	-18013	-23842	-1009	-12231	2038	-9843	6045	-22461	3590	-1453	3397	4510	-14082	-10844	7435	-7698	2503	7198	-13204	-709	2859	-6794	-7683	-14147	-16759	-15411	2009	-8102	167	-11235	-13975	-8387	-6	-7237	46	-12409	-15503	-9613	-18132	1573	-3990	-12739	8882	6961	-21686	5842	-7960	-10827	-15139	-7248	9640	-12571	-10338	-2754	-9097	-530	-6530	5919	-7018	-4365	-10686	-8355	-11074	-15414	-16248	-13311	-13343	-5396	6470	-8298	-8559	-7921	-4202	-15683	-10051	-16635	-10470	-5892	-18010	-83	4553	-298	-9100	-2517	2687	3781	-5760	-30	2745	6862	-19380	-17449	-3108	-13999	-14181	-8634	-1954	-130	101	-2327	81	-6026	-99	-6302	10	-744	-14104	-9743	-326	-41	-5042	-9255	2729	-5588	4092	-17549	3045	-9920	-9638	-11644	-8621	-288	3725	-154	-7839	150	-2418	2936	-16445	-24959	-72	-7471	13073
-9690	-6364	169	-16683	-768	-6387	511	-2994	-17231	-8417	-19481	-20933	-5813	-12461	-28286	8112	-5381	-6803	-12878	2555	8672	-1906	353	-19538	10402	19675	-13576	16242	9433	-14010	-2398	-5369	-24153	-32607	-19118	-5808	-21188	-33672	-261	-11785	9175	-7022	17858	-34055	12794	-1386	12733	12845	-17511	-6591	25700	-5883	11872	14316	-23250	1616	9241	-4726	-15049	-18629	-24979	-22060	8405	-6947	-1060	-7829	-14279	-4661	130	-8086	284	-26899	-27906	-12655	-18360	10866	-2	-20501	24167	16811	-35361	14111	-6083	-7487	-20906	-6003	25390	-14386	-19573	4098	-14832	3774	-9986	22753	3172	-7493	-20945	-8682	-13725	-30728	-29947	-23516	-9318	-3675	18796	-15057	-8129	-11581	-3678	-26271	-10559	-18911	-6068	161	-23237	576	13773	6360	-20479	4700	11628	15573	2493	1079	9014	13197	-40285	-27520	2607	-8859	-28734	-14814	-10990	14120	-324	-5888	-1382	-370	1053	-9185	841	805	-26714	-4326	62	716	8351	-17151	10556	6418	10087	-24969	9844	-26704	-7907	-7304	-5767	18266	9286	-382	-18955	274	1010	4537	-13498	-41339	-684	-7939	28622
-7124	-3710	-217	-1427	5043	563	-383	-1003	-3606	2090	569	6330	4173	-2048	8112	-9920	-1359	2777	-1675	-7055	-2111	1205	-597	3516	-3847	-13980	1815	-5686	-2984	-2471	1572	-3702	5643	6907	-1755	-2577	-1809	-225	105	-4221	-5638	-6836	-6330	3411	-6137	601	-6718	-5953	-1821	-5481	-14287	-2802	-4940	-2605	4848	-2759	-3023	194	3673	25	-589	-588	-1695	-2595	813	-6838	-3608	-3833	-215	-3212	-272	9811	6787	1802	-4081	-5250	-5351	1342	-9877	-4968	6507	-3827	-4467	-4772	-717	-4957	-7826	-2769	2227	-5031	1321	-3689	-917	-12588	-8839	1961	6298	-3753	1023	8809	5308	6683	-8501	-2364	-8015	1583	-1603	3281	-1837	3756	-5167	-2737	-7707	-8116	-652	-371	-3407	-3335	9304	-8435	-4712	-9470	-9728	1896	-2896	-3674	11608	4078	-6086	-8476	9995	4077	8341	-10349	242	2042	892	-5133	-762	2291	-511	-2202	8483	-8781	-221	-518	-11175	6708	-4099	-11623	-2411	700	-3153	11686	-6297	-5609	-6211	-14146	-2125	126	9876	-10	-1443	-903	-6665	7118	517	1280	-8831
-6638	-3861	-36	-7823	1702	-3118	-9	-2790	-8585	-2236	-8596	-3671	231	-5277	-5381	-1359	-3040	-2311	-5838	-3736	443	178	-1405	-5850	1409	165	-3502	2858	1670	-6075	457	-4841	-6277	-9084	-8288	-3375	-9228	-11839	-81	-6702	405	-5793	2710	-10725	1634	-1278	95	2490	-7683	-5184	2700	-4174	1365	3217	-6326	-845	1516	-3346	-3967	-6115	-9053	-8159	1308	-4316	82	-6384	-6549	-4322	-97	-4009	-34	-5714	-7317	-4697	-9547	894	-2407	-6735	3337	3331	-10855	2051	-3710	-6215	-8173	-4376	4606	-6773	-5330	-1838	-4373	-569	-3954	2215	-4008	-1718	-4890	-4967	-5218	-6958	-8364	-6340	-7643	-3266	2417	-4214	-4428	-3827	-1732	-7356	-5698	-8422	-6560	-4141	-9104	-124	2467	-103	-3571	-2413	1385	732	-4460	1115	1576	3606	-9314	-8490	-2551	-8517	-5736	-3906	-319	7	70	-1074	54	-3382	-55	-2803	-36	-789	-6464	-6187	-89	-78	-2999	-4040	1408	-3710	2116	-8797	1619	-4070	-5195	-6294	-5439	-787	2018	-94	-2627	60	-459	1489	-8245	-12432	67	-2944	5915
-1804	-427	10	-7196	-4597	-4342	173	-2791	-4957	-4622	-10378	-5029	-1743	-4703	-6803	2777	-2311	-5406	-6806	-2682	-3002	-22	-2927	-6729	984	5861	-3159	2806	943	-4370	-395	-3040	-7779	-11224	-6397	-1658	-8236	-8974	-1396	-4162	2834	-20	3081	-10447	3096	-2983	2969	5061	-5612	-3453	8956	-3863	1172	2888	-7478	1115	785	-6714	-4578	-5318	-5016	-5307	-1044	-3732	-126	-2368	-4260	-3807	43	-740	86	-9312	-10052	-6709	-7500	1055	1152	-5138	6437	3381	-13083	1280	-1519	-4676	-5540	-417	4516	-4769	-3034	-869	-4107	556	-1376	7219	-1250	-3043	-7559	-1367	-6923	-9848	-7353	-9768	-2566	-2672	4906	-3221	-3760	-7117	-1643	-6670	-504	-6440	-1508	698	-8282	-97	755	-620	-9166	2279	1134	4895	882	-3208	819	5202	-12721	-9647	174	-3880	-11120	-6095	-4807	3030	20	-1421	-112	-1631	63	-4785	112	974	-10892	12	-101	56	293	-8388	1057	1594	931	-7637	934	-9057	-3	-4765	-1013	3612	940	-90	-8833	-40	-1403	1628	-5172	-14050	-109	-6002	7973
-11879	-5818	-166	-16153	-2440	-6972	35	-5330	-15755	-7662	-19686	-9654	-1173	-12865	-12878	-1675	-5838	-6806	-15228	-7997	-1890	274	-3792	-12702	2030	3480	-7856	5002	2243	-13283	-119	-8429	-14265	-20687	-16498	-6436	-19817	-24451	-1839	-13052	2519	-8360	5505	-23694	3642	-3134	3742	5878	-14923	-11732	9337	-9177	1755	7089	-14270	-127	2052	-9934	-8269	-14536	-16129	-15421	401	-9320	181	-11443	-14288	-9719	-18	-6577	30	-13944	-17636	-11700	-19714	895	-2999	-12975	9518	6658	-24330	4520	-8175	-12344	-15350	-6666	8969	-13450	-9403	-3556	-9707	-744	-5930	7318	-7812	-5191	-12232	-7844	-13171	-16941	-16205	-15596	-13527	-6422	6910	-8326	-9257	-10426	-5051	-15774	-8838	-17637	-10205	-5321	-19664	-188	3266	-1228	-11750	-1848	1886	4691	-5395	-2327	2010	8165	-21482	-19214	-3328	-14643	-16983	-10018	-3348	110	121	-2375	129	-6520	-156	-7675	3	-144	-16800	-8656	-354	-75	-5756	-11574	1946	-5142	3197	-18500	2288	-11902	-8388	-13253	-8177	-298	2984	-152	-10494	78	-3109	3125	-17437	-27339	-26	-9792	13835
-9089	-4257	-223	-9013	1484	-4113	-246	-4693	-9508	-1904	-10400	2359	3038	-6222	2555	-7055	-3736	-2682	-7997	-10662	-5430	1508	-3958	-3124	-2960	-9171	-862	-2861	-1878	-6732	1871	-7651	-1833	-3995	-8441	-4230	-10240	-8746	-801	-8643	-3438	-7742	-3774	-6619	-3124	-2650	-5319	-722	-7800	-8961	-6179	-6888	-3901	-349	-2373	-2120	-2165	-6882	-1012	-4521	-5919	-6113	-2796	-6499	769	-9573	-7545	-7986	-236	-3774	-198	653	-2742	-4806	-12108	-4413	-4571	-3867	-4514	-1728	-6626	-3131	-5417	-10280	-6747	-5608	-3716	-7565	-536	-6608	-2356	-3130	-2590	-6172	-10889	-479	-878	-5472	-5571	-399	-2302	-2964	-11538	-5492	-4022	-1123	-5942	-3827	-2735	-2635	-5787	-9180	-10327	-8221	-8780	-631	-2927	-4210	1073	-6722	-3731	-5402	-9989	-206	-1917	1502	-387	-5188	-6577	-13555	286	-1684	4149	-7732	333	873	913	-7520	-769	-2373	-514	-1605	-1895	-9931	-326	-577	-11395	-1411	-3075	-10972	-1275	-6826	-2191	3706	-6364	-10815	-8006	-11545	-1007	36	2014	-20	-2567	975	-11951	-6802	502	-4287	-1303
3964	3902	-92	1334	-7198	-1639	-79	-1039	5583	-1436	-1307	6420	997	1050	8672	-2111	443	-3002	-1890	-5430	-10410	1039	-4087	3732	-5841	-4686	4308	-7517	-5374	3030	329	31	5320	5953	4087	1669	2545	9675	-2403	1984	-1829	5709	-7650	8040	-4461	-3208	-3007	-1648	4116	-838	-4331	-1657	-6507	-5140	5071	911	-5450	-6436	3905	4441	10309	7603	-7376	-729	488	2047	3178	-2183	7	4384	-86	5320	4265	-991	2019	-5946	1966	6755	-6619	-6744	5580	-7632	1045	-1091	6760	3638	-10831	2823	9127	-3683	3660	-1923	5256	-4778	-3583	327	3296	4335	-989	6560	10537	2127	2746	-987	-5277	5297	663	-2349	-947	8409	6551	3558	2851	1453	3633	-409	-8388	-5008	264	378	-6411	-3030	308	-6670	-5298	-1513	8941	4796	-1150	1347	2617	1286	419	-5315	178	1940	702	-1516	-595	-640	-336	1198	2384	4108	-196	-338	-5388	-308	-5888	-1639	-5913	5964	-5579	4506	5427	-1815	3177	-7076	-5238	146	-469	-244	-3020	-1092	1412	8205	279	-3774	-7917
642	234	60	318	-339	206	92	784	636	-203	447	-1388	-761	131	-1906	1205	178	-22	274	1508	1039	-428	608	-617	867	2280	-624	1085	659	187	-620	839	-1000	-1173	106	304	216	-702	-111	540	980	909	1466	-763	1025	159	1594	829	172	812	2157	531	1171	892	-887	440	663	668	-574	-345	-423	-284	787	382	-220	853	268	844	28	36	32	-1265	-1164	2	735	1229	671	-522	1879	995	-812	1046	165	1061	-66	416	1775	106	-860	1114	-623	519	-180	2071	1820	-376	-995	310	-41	-1524	-993	-799	981	611	1538	-747	573	-99	-172	-805	208	257	1250	1116	-212	180	1113	994	-1239	1090	1101	1509	1508	-232	631	587	-2098	-783	998	1410	-1660	-496	-1086	1858	-86	-393	-246	1181	188	-145	146	264	-1118	1344	62	146	1865	-600	889	1904	509	-440	735	-1970	498	1034	805	2454	497	-22	-1298	10	443	-37	836	-1179	-96	65	1641
-1345	-127	-59	-3824	-2405	-2623	-40	-2433	-2547	-2011	-5716	302	343	-2251	353	-597	-1405	-2927	-3792	-3958	-4087	608	-2770	-1987	-1394	-859	-99	-1012	-1062	-1908	642	-2665	-1720	-3139	-2800	-983	-3961	-2264	-863	-2559	-168	-570	-1364	-2945	-401	-2151	-1136	1196	-2484	-2775	825	-2827	-1705	-428	-1799	20	-1169	-4862	-948	-1440	-687	-1273	-2388	-2498	249	-2149	-1967	-3194	-40	33	-26	-2058	-2767	-3327	-4346	-1738	-151	-1005	-285	-558	-4520	-1847	-879	-3817	-1802	-410	-1490	-2190	723	-2365	-739	-740	121	132	-3380	-869	-1837	-678	-3423	-1822	-887	-3366	-2331	-2200	-370	-28	-2410	-3534	-755	-962	105	-2994	-2137	-1119	-3353	-301	-2066	-2157	-2653	-417	-1635	-189	-1741	-2008	-1080	1628	-2279	-3048	-1466	-3803	-2705	-2076	-733	-1514	138	70	328	-2434	-259	-2152	-171	194	-3392	-1369	-132	-190	-3095	-3205	-1387	-2028	-999	-2412	-1198	-1136	-35	-3951	-1311	-2393	-880	6	-2446	-78	-1469	644	-3443	-4181	124	-3335	635
-11023	-6703	69	-17068	662	-7182	314	-5027	-17616	-6764	-19966	-13984	-2700	-11404	-19538	3516	-5850	-6729	-12702	-3124	3732	-617	-1987	-16486	6568	10722	-10226	11280	6446	-13062	-579	-8124	-19153	-26555	-18472	-6168	-20570	-28766	-178	-12641	5220	-8947	11657	-28276	8458	-2845	6078	9934	-16952	-8448	16734	-7639	7349	10186	-18551	56	6079	-7010	-12075	-15161	-21617	-19382	5065	-8198	-479	-10127	-13401	-7180	-66	-7559	118	-20329	-22242	-11907	-19405	6369	-1939	-17351	15765	11903	-30096	8614	-6143	-10799	-19041	-7008	17394	-14244	-14894	-134	-11927	1552	-8978	14518	-2552	-5607	-16310	-9173	-12616	-23246	-23966	-19381	-12131	-5681	12059	-11646	-9051	-10773	-3322	-20657	-10254	-18160	-9701	-3858	-21300	42	9051	2788	-14922	328	7185	8987	-3093	1451	6128	10931	-30749	-23071	-1387	-13382	-21090	-11912	-6589	7723	-56	-3944	-622	-3869	443	-8082	379	-293	-21199	-8185	-57	236	1483	-13791	6683	-48	7099	-21789	6532	-18340	-8369	-10417	-8348	8782	6619	-292	-13151	174	125	4060	-15001	-34535	-234	-7594	20904
3008	2640	-120	4664	-2312	1296	-206	573	6074	1435	4660	7542	1966	2834	10402	-3847	1409	984	2030	-2960	-5841	867	-1394	6568	-5028	-7606	4826	-7281	-4626	4034	658	1367	8320	10805	6123	1694	5964	11417	-997	3259	-3272	3244	-7584	11279	-5379	-427	-4177	-4607	5775	575	-9103	708	-5775	-5353	7899	-176	-4543	-940	5564	5606	9854	8137	-4895	1266	515	2060	3927	48	-13	3141	-108	9445	8922	2920	4936	-5362	188	7657	-8888	-6987	11425	-6146	1079	1300	7647	2368	-10773	4328	8186	-2617	4952	-1979	4403	-8415	-2799	1915	6863	3453	2955	10542	11738	7202	2556	546	-6989	5629	2193	2410	108	9554	4396	5537	2122	-32	6867	-259	-6678	-3672	5784	-1598	-5624	-5541	-1006	-2879	-4485	-4272	14153	8744	-1340	2279	8492	4364	3551	-6553	153	2244	665	-818	-523	2206	-361	148	8162	1983	-134	-311	-5070	4692	-5127	-3127	-4851	8259	-4770	9080	3111	710	2231	-8279	-4425	158	5127	-146	-1776	-1652	3001	13796	271	486	-10566
-5216	-2611	-295	3788	7907	2700	-664	-944	579	6218	7247	15138	7364	2621	19675	-13980	165	5861	3480	-9171	-4686	2280	-859	10722	-7606	-23668	6997	-11562	-6078	2126	3352	-3293	14907	19277	4189	-1085	5149	11343	1009	-1202	-10166	-6785	-13395	15717	-11228	1180	-13607	-11118	3339	-3702	-25991	-1136	-9364	-8225	13627	-4316	-6116	2310	9049	7119	6868	6211	-4183	-502	1362	-5679	1054	-2742	-355	-1184	-438	20432	17889	6796	1219	-9489	-6700	8087	-20354	-11145	19437	-9372	-2418	-3464	5467	-4237	-17338	1686	8707	-7439	6924	-5471	1655	-22881	-11683	5444	14828	-2088	6498	21074	15408	16013	-7173	-1783	-16218	7028	519	8147	123	13141	-3065	3285	-8157	-10376	7434	-774	-8164	-5809	18835	-12040	-9041	-17010	-13325	3628	-5822	-8798	27443	14436	-8509	-7927	22885	10122	13961	-16636	432	4377	1568	-6259	-1270	6160	-953	-3263	19531	-10140	-234	-930	-15668	14073	-7890	-16388	-5563	9312	-6511	23466	-5081	-4043	-6181	-22794	-5035	272	19165	-84	-1322	-2331	-2919	22250	899	5277	-20115
-7777	-4806	7	-10174	1215	-3575	163	-2382	-11425	-4190	-11313	-10040	-1964	-7741	-13576	1815	-3502	-3159	-7856	-862	4308	-624	-99	-10226	4826	6997	-7232	7740	4571	-8927	-654	-4432	-12287	-16690	-11690	-4211	-12878	-19473	26	-8061	3451	-6451	8297	-18706	5518	-585	4944	5589	-10734	-5547	10406	-4247	5256	7342	-11977	-9	4457	-2795	-7616	-10743	-14710	-12981	4270	-4817	-314	-6631	-9353	-4022	10	-5583	92	-12688	-13995	-6857	-12044	4542	-1725	-11465	10783	8219	-18552	7058	-4636	-6025	-12429	-4962	12206	-9133	-10563	643	-8003	1135	-6099	9139	-1131	-3654	-10222	-6187	-7565	-15058	-15881	-11634	-8014	-2986	8236	-8012	-5465	-5754	-2378	-14184	-7591	-11837	-6084	-2493	-13595	170	6810	2480	-8889	113	5215	6011	-1645	1502	4364	6436	-19592	-14685	-436	-7912	-13367	-7354	-3775	4795	-75	-2739	-473	-2114	341	-4667	290	-286	-12863	-5527	-57	217	1353	-7947	4839	-21	5214	-14227	4736	-11630	-6507	-6022	-5385	5996	4754	-194	-7845	174	47	2497	-9870	-21834	-230	-4207	13838
5631	4316	-130	9109	-2661	3105	-298	2034	11033	3252	9926	11895	2901	5683	16242	-5686	2858	2806	5002	-2861	-7517	1085	-1012	11280	-7281	-11562	7740	-11146	-6795	7500	702	3351	13994	18410	11085	3299	11334	19341	-1161	6251	-5037	5717	-11401	19360	-8230	82	-6100	-7590	10270	2400	-14574	2350	-8290	-8312	13336	-242	-6646	604	9153	9856	16042	13520	-6632	3158	693	4334	7369	1659	-13	5066	-184	15815	15306	6172	9934	-7580	558	12599	-13872	-10774	20053	-9166	2223	3870	12979	4007	-16322	7906	12666	-2961	8143	-2811	6986	-13162	-2717	3468	11709	5851	6212	17486	19040	12895	5243	1881	-10826	8851	4716	5320	487	15754	6985	10303	4449	565	12476	-294	-9624	-4680	10243	-2268	-8103	-8582	-787	-3744	-6576	-7355	23258	15297	-1435	5422	14638	7854	5829	-9341	159	3472	875	27	-725	4512	-469	219	14369	4053	-117	-413	-6434	8809	-7450	-3850	-7263	14287	-6953	14640	5186	2971	4284	-11706	-6580	274	9118	-226	-1956	-2972	6536	23756	383	2361	-17007
3790	3063	-108	5207	-3016	1559	-166	1039	6836	1130	5148	6682	1416	2956	9433	-2984	1670	943	2243	-1878	-5374	659	-1062	6446	-4626	-6078	4571	-6795	-4432	4314	330	2156	7906	10434	6603	1973	6484	11561	-1099	3917	-2612	4127	-6895	11074	-4871	-196	-3085	-4312	6289	1163	-7740	1222	-5329	-4978	7575	204	-4281	-602	5403	5418	10176	8431	-4679	1730	431	2932	4241	638	43	3420	-68	8720	8428	2928	5728	-4858	749	7737	-7773	-6541	11264	-5502	1375	2212	8055	2957	-10016	4789	8000	-1882	4846	-1601	4661	-7196	-1701	1622	6372	3994	2982	9786	11510	6842	3640	1037	-6078	5470	2600	2349	150	9219	4967	5991	3297	1039	7179	-169	-6298	-3280	4899	-631	-5166	-4467	335	-3298	-4283	-4124	13262	8533	-487	3658	7429	4047	2719	-5631	109	2014	549	-93	-447	2091	-281	448	7540	3182	-124	-227	-3836	4229	-4741	-1792	-4667	8416	-4496	7937	3714	1569	3144	-6746	-4283	146	4122	-142	-1783	-1670	3816	13516	175	382	-9786
-14971	-8400	-193	-16464	3204	-5748	-32	-5393	-19377	-5752	-18095	-10543	-312	-12874	-14010	-2471	-6075	-4370	-13283	-6732	3030	187	-1908	-13062	4034	2126	-8927	7500	4314	-14750	632	-9357	-14917	-20765	-18289	-7657	-20526	-27934	-189	-14233	1711	-13164	7494	-25630	4364	-1180	2566	5035	-16773	-11933	7389	-8444	3767	8396	-14992	-1542	4137	-6165	-9059	-15726	-20957	-18733	3727	-9065	167	-13516	-15856	-9214	-90	-9089	18	-13795	-17019	-10147	-20904	2554	-5413	-15454	9596	8607	-24450	7300	-8746	-12632	-18431	-9353	12069	-14747	-12999	-3058	-10368	-457	-8750	6012	-7997	-4298	-11738	-10692	-11469	-17163	-19878	-14407	-16260	-6298	6941	-9839	-9965	-7905	-4004	-18435	-12900	-19159	-13471	-8076	-20478	-134	6470	363	-8631	-4063	3927	3379	-7980	2456	4077	7557	-21837	-19617	-4224	-17152	-14327	-9154	-1219	148	141	-2650	53	-7146	-69	-6457	-12	-1550	-14981	-13150	-309	-85	-5398	-9281	3941	-7156	5693	-20392	4357	-10205	-12237	-13044	-11298	-451	5119	-202	-6903	226	-1729	3543	-18723	-28509	-12	-6831	14979
1646	1004	88	826	-1961	199	168	1497	2155	-716	657	-1682	-1319	131	-2398	1572	457	-395	-119	1871	329	-620	642	-579	658	3352	-654	702	330	632	-1308	1684	-1002	-1299	800	811	667	-19	-642	1180	1544	2675	1500	-287	1118	-144	2787	1175	871	1165	3233	616	1129	991	-818	1024	315	245	-426	-172	814	573	322	548	-331	1799	747	1172	55	679	40	-1346	-1543	-106	1605	1301	1561	48	2568	779	-599	792	137	1798	923	1258	1599	518	-198	1553	-804	621	529	3034	2757	-731	-1336	1252	-275	-1855	-85	-1040	2084	972	2118	-686	1237	-497	-783	-222	1293	893	2787	2308	42	272	760	1110	-2276	1996	990	2415	2873	-1700	287	799	-2511	-699	1662	2938	-2859	-662	-1863	2488	-151	-394	-343	2007	237	-360	239	743	-1678	3264	75	221	2503	-1048	675	3220	-46	-7	458	-3038	1613	1541	2035	3353	95	6	-2516	-36	292	-302	1497	-857	-129	-571	1813
-11289	-6623	-94	-12399	4542	-4965	-105	-5345	-14461	-2310	-13367	-3267	1727	-7621	-5369	-3702	-4841	-3040	-8429	-7651	31	839	-2665	-8124	1367	-3293	-4432	3351	2156	-9357	1684	-8884	-8131	-12068	-13045	-5527	-14290	-17246	517	-10991	-1026	-10815	2412	-14994	1310	-2150	-2776	2843	-12282	-8621	661	-6982	1061	3700	-8322	-2262	1822	-5274	-5449	-8263	-14035	-12557	1664	-7052	358	-11119	-10035	-7503	-253	-6430	-130	-6697	-9193	-6628	-15513	209	-4896	-9985	2195	4001	-15219	1762	-5600	-11051	-12886	-7697	5120	-10670	-7437	-4277	-5868	-1474	-6451	267	-8368	-1646	-5870	-8512	-7179	-8265	-11938	-8170	-13410	-5864	1326	-5588	-7510	-5150	-2066	-10066	-9567	-13084	-12381	-8499	-13521	-454	2873	-1025	-2803	-5765	1105	-1446	-9590	3258	2043	4680	-11231	-11599	-5640	-15466	-5411	-4801	1517	-2091	217	-1003	367	-6725	-319	-3688	-237	-1948	-7727	-12086	-165	-333	-6810	-4630	1356	-8491	2954	-12941	1938	-2989	-8980	-10829	-10101	-4524	2813	-104	-1139	84	-554	2350	-13517	-17241	301	-3637	6780
-11579	-7051	65	-18790	-226	-7747	386	-5243	-19534	-8335	-22268	-17771	-4010	-13095	-24153	5643	-6277	-7779	-14265	-1833	5320	-1000	-1720	-19153	8320	14907	-12287	13994	7906	-14917	-1002	-8131	-22908	-31282	-20596	-6766	-23020	-33240	-316	-13521	7057	-9274	14706	-33275	10699	-2629	8801	11849	-18770	-8963	21573	-7878	9249	12437	-22141	606	7607	-7463	-14267	-18097	-24709	-22081	6262	-8697	-651	-10286	-15213	-7405	22	-8265	214	-24895	-26519	-13712	-21281	8150	-1491	-19992	20114	14650	-35141	11407	-6563	-11015	-21519	-7124	21519	-15639	-17657	969	-13898	2518	-10017	18672	-1273	-6890	-19696	-9734	-14523	-28251	-28397	-23080	-12259	-5684	15430	-13623	-10038	-12479	-3556	-24813	-11018	-20388	-9410	-2762	-24150	188	11124	3822	-18576	2088	9109	12194	-1350	1262	7532	12752	-36947	-27096	-108	-13277	-26010	-14362	-8901	10213	-104	-4968	-866	-3511	647	-9558	523	79	-25504	-7789	-71	388	3704	-16766	8451	2018	8744	-25075	8100	-22928	-8892	-10638	-8240	12493	8016	-362	-16792	244	-34	4792	-16171	-40538	-426	-8950	25636
-16444	-9853	111	-26842	-670	-11410	499	-7709	-27243	-11640	-31943	-23678	-5197	-18473	-32607	6907	-9084	-11224	-20687	-3995	5953	-1173	-3139	-26555	10805	19277	-16690	18410	10434	-20765	-1299	-12068	-31282	-43440	-28915	-9403	-32599	-45901	-634	-19639	9331	-12815	19363	-45870	14268	-4422	11426	16481	-26543	-13056	29010	-11841	12103	16728	-30375	736	9940	-11582	-19613	-24754	-33925	-30546	7932	-12765	-822	-15069	-21288	-11007	-30	-11415	228	-33952	-36690	-19408	-30353	10598	-2153	-27561	26928	19611	-48943	14442	-9531	-16304	-29946	-10170	28685	-22134	-23852	561	-19289	2961	-13661	25081	-2929	-9448	-26931	-13713	-20752	-38528	-38600	-32003	-17882	-8497	20616	-18764	-14185	-17821	-5404	-33639	-15428	-28650	-13854	-4504	-33943	159	14548	4738	-25628	2226	11868	16130	-3010	1171	9911	17853	-50672	-37499	-922	-19642	-35704	-19838	-11895	13433	-129	-6688	-1079	-5366	805	-13404	668	114	-35269	-11177	-97	467	3683	-23306	11000	1675	11488	-34819	10639	-31262	-12341	-15938	-11878	15948	10659	-450	-23058	254	-138	6571	-23300	-56023	-478	-12876	34685
-18894	-11198	-80	-22550	5249	-8550	102	-7453	-25551	-6745	-24733	-13489	-410	-15483	-19118	-1755	-8288	-6397	-16498	-8441	4087	106	-2800	-18472	6123	4189	-11690	11085	6603	-18289	800	-13045	-20596	-28915	-24742	-9646	-27186	-36753	290	-18763	2664	-16829	10833	-33720	6881	-2841	2619	8567	-22824	-14172	11494	-11242	6323	11135	-20397	-2092	6141	-8251	-13012	-19145	-28475	-25313	5741	-11952	-30	-17483	-19363	-11557	-236	-11844	-20	-19496	-23445	-13655	-27420	4809	-6389	-21365	13270	12151	-33834	8894	-10297	-16944	-25070	-12376	17304	-19798	-17810	-3571	-13988	-269	-12390	9796	-9196	-5469	-16366	-14454	-14890	-23563	-27596	-20040	-21137	-8741	9784	-13603	-12876	-11098	-4707	-24152	-16806	-24855	-17967	-10647	-27242	-225	9590	1419	-12129	-5324	6308	4869	-10756	4260	6267	11235	-31079	-26485	-5854	-23013	-19325	-12280	-2529	2893	137	-3680	-159	-8646	66	-8561	87	-2144	-20913	-17123	-219	-75	-5337	-12810	6124	-8086	7966	-27238	6565	-14959	-15162	-16764	-15196	1671	7374	-304	-9470	252	-628	4794	-23332	-39187	50	-8199	20815
-8755	-5119	-124	-8613	3157	-2817	-87	-3132	-10712	-2258	-8945	-4263	638	-6444	-5808	-2577	-3375	-1658	-6436	-4230	1669	304	-983	-6168	1694	-1085	-4211	3299	1973	-7657	811	-5527	-6766	-9403	-9646	-4436	-10538	-14184	216	-7883	-111	-8196	3004	-12455	1362	-444	-233	1655	-8909	-6585	1431	-4508	1362	3827	-6865	-1387	1889	-2672	-4165	-7736	-11123	-9833	1980	-4801	224	-8000	-8368	-5077	-83	-5332	-22	-5580	-7414	-4776	-11212	681	-3751	-7846	3173	3788	-11439	3203	-4807	-7169	-9715	-5763	5172	-7913	-6587	-2261	-4874	-770	-4927	1044	-5376	-1775	-4918	-6298	-5378	-7250	-9729	-6178	-9665	-3658	2208	-4792	-5348	-3333	-1867	-8934	-7568	-10115	-8401	-5638	-10316	-155	3116	-212	-2645	-3629	1496	16	-5859	2273	1880	3262	-9336	-9269	-3263	-10282	-5306	-3951	720	-1325	123	-1115	153	-4500	-135	-2736	-101	-1266	-6136	-8557	-170	-135	-4173	-3503	1629	-5495	2806	-10181	1945	-3192	-7390	-7283	-7010	-2171	2522	-126	-1560	146	-820	1734	-10206	-13479	59	-2778	6229
-20302	-11515	-128	-25311	3265	-10047	100	-8485	-27635	-8749	-28703	-15195	-887	-18013	-21188	-1809	-9228	-8236	-19817	-10240	2545	216	-3961	-20570	5964	5149	-12878	11334	6484	-20526	667	-14290	-23020	-32599	-27186	-10538	-30660	-40373	-499	-20842	3327	-17233	11306	-37676	7376	-3726	3721	9728	-25020	-16440	13671	-13054	6059	12097	-22899	-1762	6003	-11038	-14313	-21692	-30175	-27308	4906	-13685	43	-19004	-21769	-13513	-205	-12345	-8	-22168	-26783	-16136	-30753	4440	-6423	-23030	15042	12894	-38240	9189	-11691	-19062	-27099	-12835	18147	-21811	-18630	-4389	-15555	-445	-12665	11371	-10673	-6631	-18718	-15080	-17780	-26679	-29681	-23233	-22842	-9831	11069	-14653	-14501	-13629	-5840	-26524	-17389	-27750	-18968	-10860	-30624	-280	9287	744	-15040	-4941	6082	6128	-10975	2577	6102	12795	-34823	-29880	-6114	-24989	-23083	-14397	-3653	2679	158	-4057	-80	-9771	-5	-10313	70	-1802	-24427	-17554	-319	-100	-6557	-15596	5955	-8592	7976	-30162	6453	-17519	-15800	-19252	-15820	1515	7406	-310	-12362	250	-1740	5288	-26321	-43877	37	-10840	23114
-27530	-16502	-95	-32657	7164	-11617	236	-9402	-37571	-10970	-35516	-24456	-2520	-23842	-33672	-225	-11839	-8974	-24451	-8746	9675	-702	-2264	-28766	11417	11343	-19473	19341	11561	-27934	-19	-17246	-33240	-45901	-36753	-14184	-40373	-57604	312	-27147	6231	-24073	19863	-53386	12610	-2688	8293	13825	-33861	-20096	21872	-15284	12064	19176	-32847	-2183	11056	-10154	-20756	-30908	-44252	-39079	10723	-16757	-377	-24553	-29608	-15426	-202	-18092	90	-32328	-37725	-20244	-39728	9766	-8612	-33365	24680	20936	-52526	17046	-15629	-22656	-38090	-17859	30495	-29274	-29349	-2599	-22451	913	-18948	18996	-10133	-9214	-26671	-21128	-22472	-39117	-44267	-31613	-29682	-11383	18507	-22200	-18360	-16309	-7338	-39317	-25419	-37258	-24305	-13385	-41342	70	17206	4354	-20775	-5329	12034	11064	-12443	6157	11013	17581	-51157	-41617	-6072	-31047	-32874	-19692	-5980	7617	34	-6628	-688	-10637	483	-13088	401	-2574	-33653	-23146	-286	206	-3950	-20451	11424	-8295	13694	-42161	11733	-26730	-22682	-22718	-20933	7853	12578	-502	-17094	464	-622	7292	-33841	-61540	-230	-12162	35324
781	1092	-25	-270	-3228	-593	48	283	1322	-1573	-1235	-424	-662	-1009	-261	105	-81	-1396	-1839	-801	-2403	-111	-863	-178	-997	1009	26	-1161	-1099	-189	-642	517	-316	-634	290	216	-499	312	-1304	193	648	2111	-614	-197	-325	-766	1435	335	564	-760	1332	-636	-1026	-78	-359	823	-1074	-2097	261	-599	1836	1088	-1728	-555	-23	603	-264	-683	66	869	30	-451	-1102	-1201	-133	-848	939	844	584	-783	-621	-731	-568	-14	1131	1121	-1194	27	1433	-346	-236	-238	1257	897	-46	-831	-810	1225	-1554	-707	1421	-1208	825	13	443	358	109	-1549	-1141	534	1582	-99	1628	1320	-618	90	-1483	-849	-2100	1205	-1005	986	1462	-2994	-1125	519	-607	-737	575	977	-2351	-911	-1117	-362	-19	34	15	146	-17	-978	28	707	-1538	2161	-69	49	-636	-1565	-1015	867	-1271	29	-1059	-1342	1377	-600	1399	-168	-1093	10	-2413	-40	-1210	-228	-383	-449	-48	-2213	115
-16007	-9321	-126	-17341	5034	-6445	-90	-6137	-20002	-4550	-18603	-8079	897	-12231	-11785	-4221	-6702	-4162	-13052	-8643	1984	540	-2559	-12641	3259	-1202	-8061	6251	3917	-14233	1180	-10991	-13521	-19639	-18763	-7883	-20842	-27147	193	-15626	307	-14287	5887	-24125	3262	-2136	-123	4725	-17603	-12249	4404	-9376	3014	7339	-13767	-2322	3586	-6575	-8671	-14111	-21098	-18956	3511	-9694	297	-15156	-15464	-9790	-229	-9642	-108	-11787	-15540	-9773	-21781	1809	-6243	-15360	6855	7486	-23542	5012	-9024	-14122	-18866	-10639	10320	-15447	-12442	-4251	-9938	-1452	-9238	3576	-9759	-3503	-10194	-11794	-11159	-14885	-18865	-13104	-18236	-7296	4869	-9606	-10092	-7595	-4029	-16766	-13994	-19332	-15756	-10265	-20438	-337	5838	-49	-6500	-6369	3093	851	-11053	3428	3698	7422	-19754	-18466	-6193	-19795	-11496	-8092	489	-1012	165	-2255	205	-7997	-217	-5732	-119	-2089	-13212	-15145	-229	-239	-7528	-7856	3206	-9647	5113	-19913	3817	-7857	-13001	-14384	-12969	-2974	4854	-170	-4392	162	-997	3286	-19405	-27120	191	-5895	12749
-1474	-801	-120	2479	3693	1518	-288	-253	976	3177	4125	7068	3254	2038	9175	-5638	405	2834	2519	-3438	-1829	980	-168	5220	-3272	-10166	3451	-5037	-2612	1711	1544	-1026	7057	9331	2664	-111	3327	6231	648	307	-4538	-2535	-5950	8032	-4917	663	-6220	-4960	2230	-788	-11506	100	-4008	-3925	6564	-1869	-2624	1564	4249	3956	3711	3462	-1736	355	572	-1710	1387	-598	-156	-95	-176	9350	8579	3514	1612	-4032	-2676	4119	-9240	-5023	9562	-4191	-348	-846	3115	-1425	-7771	1491	4217	-3004	3586	-2204	928	-10089	-4505	2658	6939	-466	3602	9886	7275	7621	-2252	-473	-7345	3547	651	4041	559	6388	-731	2418	-2973	-4153	4320	-330	-3590	-2399	8722	-5033	-3878	-7508	-5382	1934	-2488	-4176	12827	7190	-3462	-2606	10785	4860	6099	-7007	194	1982	662	-2388	-520	3065	-422	-1424	9219	-3975	-82	-398	-6184	6629	-3370	-6623	-2425	5018	-2824	10685	-1634	-910	-2265	-9613	-2226	110	8799	-22	-321	-1079	-115	10878	384	2892	-9256
-17546	-10858	-229	-14176	11307	-3600	-295	-5757	-20693	-883	-12801	-4854	3087	-9843	-7022	-6836	-5793	-20	-8360	-7742	5709	909	-570	-8947	3244	-6785	-6451	5717	4127	-13164	2675	-10815	-9274	-12815	-16829	-8196	-17233	-24073	2111	-14287	-2535	-18488	4310	-19451	1252	599	-4077	758	-15893	-11315	-3230	-7235	2552	5752	-9686	-4221	3915	-1387	-6276	-12009	-21235	-17934	5285	-7914	552	-15826	-14481	-8440	-306	-10773	-140	-6110	-8957	-5604	-19421	1112	-9034	-13786	1896	6104	-16288	5513	-8355	-12993	-17902	-12301	8320	-13783	-12329	-4652	-7391	-1842	-10207	-2790	-10969	-1089	-5320	-13130	-6429	-8735	-16745	-6880	-19288	-6469	920	-7953	-9450	-2351	-1925	-14540	-16188	-17240	-18161	-13303	-16452	-416	6389	60	1157	-9723	2775	-3849	-14274	8567	4016	3741	-11512	-13271	-7641	-20690	-2682	-4155	5095	-4367	303	-1313	461	-8952	-351	-2587	-352	-3808	-5649	-19521	-241	-405	-9029	-1831	3131	-13374	5849	-16827	3948	-176	-15781	-12671	-15255	-7200	5179	-176	3465	296	-19	2964	-18184	-19813	314	-1146	8019
