-15471998	-2221472	-1715427	-5206	-3330393	-7865503	-11808413	-3799095	-5176043	-9212471	-9917789	-2206365	-18323478	3069739	-16561700	-7191342	-7384120	-3163488	-4227942	-10585	454153	-11652262	-9046301	-12340237	-626862	-11791571	-15191322	8527	-5571577	-13604330	-13813428	-1451071	-5916011	-677788	-12113180	-20321011	-8350118	-19002407	-18629267	-12276606	-11652841	-11408447	-6328143	398677	243323	-3555436	-17292581	-9188613	-11278249	621638	-6079478	-11989475	-9115840	-6071039	-10455906	-3196563	-17286638	-9764542	-19402508	-18034117	-4912253	-6662261	-729088	-4915203	-16655630	209792	-6014588	-13547145	146081	-7320742	-1615695	-11270977	-2896571	1193033	-12973740	-2896838	-8636673	-2855078	-14133211	-12873122	-11545672	-5159211	-15605031	-3279872	-8310705	-33753	-2863438	-2142	-9478142	240822	-11581246	-16086785	-7334186	-15380665	-9955926	450360	-12184563	608372	-756	1092	-10506	-5671457	-4821894	-15815671	-8774698	20416	-5076240	-10988050	-3965693	-11951666	-5887976	-12106320	-4844900	-6007584	-13764071	-6672526	-5786788	-18120070	-3642	579	-11695513	-5863693	-5736448	-12102829	-16475873	3209	-6122507	8853	-15850304	-5677752	-33993	-6435542	389376	219954	683339	-13428391	-5253	-11730777	-11945736	308373	-7830910	-1875860	-9077847	-11629490	-12102110	-11756266	139816	-11777613	-13878886	-8279716	-5693809	-3596677	559746	2521	-11153494	-8104230	-5711858	-12594303	6084	-11552438	-17835776	-5241939	-155307	2501	-6217023	-5532595	-15993112	423765	-1361483	-7294	-18370036	-15770044	-15407768	-7708144	-15903409	-11788730	-13016015	-16518137	-9851823	-11837944	-8156132	-15469883	-5419105	-10622977	3943	-5905355	-5552569	-6045913	-11730494	4445	-327	-10560603	-15970099	-10078091	-12666767	-4240843	-3451823	-10579777	-5477150	-5900459	-226338	-5180879	-8206672	-8155912	-14888079	3463	-7267762	-1399643	-6204867	-3204637	-5483512	-2996	191803	-12049344	-5997575	-13584272	-5951615	-5693790	-12096323	-5815650	-6246457	-9368391	-18225803	609375
-2221472	-324290	-246965	-683	-471978	-1133003	-1689109	-549135	-754809	-1317443	-1428133	-320221	-2625643	430775	-2381852	-1031982	-1060604	-450327	-607056	-823	64953	-1675121	-1299332	-1773285	-89394	-1695632	-2177888	583	-805858	-1949904	-1977198	-210965	-851079	-96926	-1752563	-2910065	-1197372	-2725047	-2673602	-1757254	-1671832	-1642816	-906968	54992	33491	-513681	-2480195	-1313876	-1624353	87736	-873881	-1710405	-1303088	-872850	-1502138	-458858	-2480908	-1394865	-2780626	-2586143	-707849	-961859	-107336	-708010	-2396482	28894	-864324	-1946670	21638	-1054186	-227753	-1621845	-412757	166734	-1851821	-423932	-1242334	-400734	-2035916	-1846216	-1662314	-738948	-2245461	-474910	-1197016	-3929	-414644	-1931	-1360137	33195	-1662149	-2317894	-1059970	-2212052	-1431557	63254	-1750652	84010	11	461	-979	-817181	-698860	-2275155	-1256520	2237	-726592	-1581386	-559288	-1718745	-847240	-1740597	-690080	-864269	-1980271	-955432	-834728	-2594513	-690	111	-1684062	-844811	-821110	-1739856	-2362884	231	-879128	1311	-2281351	-817656	-4671	-921841	53619	30146	95110	-1931647	-10206	-1688607	-1718301	44616	-1125654	-262115	-1297814	-1674941	-1739912	-1688675	20155	-1694796	-1994335	-1195525	-820098	-516492	78423	293	-1597649	-1161707	-822703	-1799463	969	-1663503	-2556259	-752256	-22585	296	-895706	-792686	-2295864	59323	-192593	-622	-2636980	-2262632	-2212676	-1106905	-2286755	-1693751	-1873929	-2367466	-1422765	-1712405	-1161926	-2221004	-777150	-1524049	517	-852550	-800709	-866743	-1685391	538	-16	-1506854	-2291972	-1439957	-1820112	-607610	-492999	-1520669	-789849	-845021	-30495	-742285	-1181220	-1163462	-2151700	2	-1037713	-201159	-891982	-453291	-783952	-381	24582	-1732425	-863772	-1957033	-858523	-820350	-1738914	-826860	-895675	-1343099	-2619301	84015
-1715427	-246965	-199730	-861	-359656	-870598	-1318372	-443719	-575131	-999133	-1096801	-242962	-2015637	340960	-1839816	-824639	-829100	-359926	-455296	-294	53834	-1302610	-1004695	-1367008	-69497	-1301011	-1692902	96	-620276	-1510746	-1533396	-169891	-653264	-75720	-1361576	-2258969	-936025	-2074527	-2054420	-1377535	-1289331	-1257497	-692309	53055	24828	-407004	-1923633	-1020292	-1248344	60365	-673314	-1342598	-1011554	-672035	-1160082	-356874	-1892339	-1086050	-2150361	-2006126	-546331	-747347	-87460	-546554	-1840241	23409	-646036	-1503447	14765	-822288	-176866	-1243093	-325011	133760	-1451596	-312914	-959262	-326511	-1557446	-1430389	-1275590	-575735	-1765624	-366764	-926583	-4346	-316715	9850	-1054597	24440	-1260060	-1784403	-807844	-1716612	-1107775	51046	-1347960	68331	127	449	-573	-627199	-561164	-1765415	-969209	-49	-576547	-1202534	-438624	-1322506	-650868	-1339204	-546060	-667844	-1521711	-744727	-643727	-2004964	-678	-54	-1295003	-648431	-616779	-1338862	-1824893	222	-677861	1275	-1781538	-626611	-4055	-706164	44847	23726	78369	-1493559	-36487	-1298036	-1320926	36342	-881528	-208923	-1006782	-1285045	-1338864	-1295178	17175	-1303895	-1517350	-917763	-626829	-404214	60752	402	-1242769	-896671	-630956	-1361454	960	-1277892	-1973555	-570630	-19872	388	-693553	-612609	-1772363	50048	-160793	-253	-2035994	-1745978	-1703098	-864382	-1767187	-1299496	-1442630	-1815153	-1120533	-1308939	-893456	-1721427	-605299	-1193982	827	-657599	-613307	-675588	-1292677	357	-64	-1171523	-1766916	-1117142	-1400630	-476118	-380418	-1171292	-604250	-656306	-23887	-578570	-907771	-906040	-1677780	-293	-798629	-148682	-690050	-351604	-621648	-506	19850	-1323619	-665418	-1517426	-662483	-629319	-1336073	-655827	-690302	-1041135	-2016699	68520
-5206	-683	-861	-84	-1083	-2516	-4413	-1863	-1486	-2702	-3194	-586	-5955	1222	-5651	-3199	-2759	-1327	-1108	-18	306	-4153	-3195	-4092	-303	-3738	-5410	21	-1851	-4789	-4859	-729	-1857	-382	-4252	-7226	-3242	-5643	-6026	-4759	-4061	-3465	-1980	356	111	-1448	-6123	-3335	-3629	-133	-2041	-4645	-3324	-2007	-3538	-1108	-5208	-3612	-6637	-6397	-1684	-2421	-362	-1723	-5472	153	-1548	-4572	54	-2663	-557	-3489	-1057	546	-5078	-506	-2911	-1524	-4473	-4481	-3639	-1947	-6034	-1021	-3004	-15	-979	236	-3339	57	-3322	-5327	-2162	-5436	-3448	156	-3948	291	6	15	-30	-1812	-2165	-5546	-3035	-78	-2161	-3246	-1545	-3915	-1914	-3945	-1937	-2085	-4436	-2475	-1947	-6222	-18	-18	-3819	-1872	-1597	-3939	-5563	-3	-2043	36	-5861	-1785	-15	-2130	198	96	348	-4643	-753	-3801	-3864	138	-2954	-845	-3264	-3690	-3966	-3858	78	-3846	-4085	-2678	-1713	-1296	273	27	-4097	-2812	-1794	-3539	18	-3783	-6073	-1578	-126	54	-2148	-1904	-5476	219	-836	-30	-6318	-5209	-5056	-2931	-5524	-3735	-4270	-5252	-3895	-3591	-2721	-5399	-1941	-4099	72	-1974	-1749	-2240	-3720	-3	-30	-3788	-5332	-3588	-4039	-1711	-1123	-3597	-1716	-2159	-77	-1901	-2801	-3058	-5401	24	-2353	-310	-2181	-1188	-2247	-30	45	-3739	-1956	-4818	-2055	-1773	-4009	-2529	-2043	-3318	-5982	297
-3330393	-471978	-359656	-1083	-736638	-1687567	-2541669	-791821	-1096948	-2014043	-2131988	-474076	-3966880	674040	-3559152	-1521360	-1576579	-676134	-925710	-4140	93684	-2493534	-1947043	-2655475	-137010	-2540102	-3264639	3645	-1189086	-2933161	-2980893	-301142	-1274032	-147609	-2569379	-4377843	-1790864	-4130140	-4024475	-2634150	-2514797	-2456708	-1376363	78030	55586	-746600	-3720822	-1985251	-2423870	144807	-1308230	-2584029	-1968891	-1306492	-2248321	-686777	-3747258	-2108388	-4185104	-3881013	-1053021	-1420547	-147705	-1054197	-3586006	46218	-1317417	-2912517	32547	-1559359	-357054	-2427773	-622633	260463	-2797519	-618351	-1854166	-620045	-3042843	-2772068	-2483953	-1110008	-3314341	-697915	-1782002	-8713	-611548	-10614	-2038226	55046	-2519454	-3451158	-1574445	-3294227	-2137426	96915	-2623871	133220	-525	-505	-3667	-1219418	-1000531	-3386936	-1902138	6769	-1081877	-2377750	-869159	-2571423	-1266820	-2604881	-1040678	-1289683	-2960243	-1435944	-1239754	-3915874	-361	20	-2513523	-1260572	-1260927	-2604263	-3552166	1129	-1318965	1773	-3380796	-1221842	-7017	-1397596	84681	48880	148030	-2883873	47508	-2522786	-2570535	64032	-1670586	-414414	-1961214	-2500776	-2603876	-2540138	27837	-2533165	-3008371	-1775165	-1226882	-767404	123906	442	-2399737	-1750670	-1229623	-2758830	1127	-2484426	-3850261	-1141782	-30728	540	-1331153	-1194867	-3444197	91017	-287964	-2773	-3959136	-3398054	-3320524	-1650248	-3415902	-2544113	-2798544	-3576974	-2081392	-2533681	-1779135	-3322277	-1165537	-2272313	696	-1264274	-1192441	-1298643	-2529993	992	-132	-2288975	-3442247	-2180863	-2726472	-910503	-747780	-2281363	-1178199	-1271435	-50928	-1114089	-1767300	-1765682	-3157811	2194	-1581128	-308546	-1332459	-703819	-1171456	-576	45801	-2604492	-1288476	-2905657	-1274660	-1224707	-2608658	-1253253	-1348161	-2017974	-3923262	133476
-7865503	-1133003	-870598	-2516	-1687567	-4004584	-5995296	-1930637	-2643457	-4680198	-5046769	-1123699	-9312949	1550194	-8420778	-3650955	-3754559	-1603451	-2149662	-4787	231210	-5925228	-4597722	-6275225	-317382	-5999244	-7719497	3782	-2837877	-6910198	-7015306	-737793	-3009429	-343029	-6169846	-10323023	-4240974	-9659561	-9470010	-6232903	-5921948	-5805666	-3214776	200722	123670	-1810223	-8786745	-4664474	-5738144	315230	-3091666	-6080717	-4629243	-3087580	-5316902	-1623368	-8790922	-4956538	-9858261	-9162801	-2498872	-3389209	-371459	-2500055	-8472776	105956	-3059523	-6888451	74898	-3724486	-816376	-5734470	-1469902	602650	-6579805	-1484521	-4392793	-1438027	-7193766	-6540643	-5874516	-2619990	-7934792	-1670361	-4225546	-15221	-1460862	-2666	-4816787	122407	-5889482	-8186216	-3736431	-7821356	-5062081	227995	-6196214	307082	-283	797	-4876	-2885614	-2455459	-8042628	-4453599	10864	-2576108	-5590963	-2005548	-6079247	-2995642	-6158399	-2456637	-3054980	-7003194	-3387524	-2944042	-9204120	-1907	496	-5950201	-2983606	-2914343	-6156473	-8373781	1402	-3112592	4350	-8059656	-2889349	-17405	-3269546	195828	111513	344311	-6827189	-6509	-5967599	-6076853	156489	-3980078	-944412	-4609969	-5918194	-6156280	-5977220	71377	-5990363	-7059462	-4214326	-2897776	-1828566	283629	1318	-5665778	-4117570	-2905569	-6398655	2965	-5877293	-9062706	-2664305	-78390	1263	-3161757	-2810496	-8130671	212491	-686942	-3352	-9336099	-8016897	-7835079	-3916836	-8087240	-5994934	-6619731	-8396228	-5012293	-6032556	-4138699	-7864961	-2751671	-5396521	1821	-3004310	-2827063	-3070907	-5967278	2391	-104	-5355730	-8119436	-5115147	-6442936	-2152449	-1753604	-5376747	-2787703	-2996996	-114621	-2630724	-4173813	-4137093	-7579360	1364	-3688395	-712003	-3154942	-1622175	-2781856	-1472	95295	-6128726	-3050057	-6909338	-3027905	-2896821	-6150571	-2945811	-3174905	-4759223	-9269404	307485
-11808413	-1689109	-1318372	-4413	-2541669	-5995296	-9031382	-2918163	-3934615	-7016577	-7560397	-1678246	-13975801	2358127	-12639452	-5517794	-5645135	-2429212	-3213705	-8258	350166	-8900805	-6906301	-9414886	-479899	-8988786	-11607524	6662	-4246572	-10391682	-10553922	-1113482	-4510068	-519304	-9244274	-15526421	-6386528	-14475501	-14209005	-9394922	-8893753	-8692558	-4823584	315776	185187	-2721617	-13209087	-7023061	-8598602	467729	-4637835	-9181102	-6966754	-4630842	-7979577	-2442883	-13170024	-7466777	-14815336	-13776075	-3747533	-5087023	-559932	-3750098	-12698398	161840	-4569042	-10338667	109314	-5593124	-1237545	-8590246	-2218764	918284	-9932897	-2189602	-6589955	-2204199	-10767153	-9831838	-8800719	-3944438	-11938662	-2500909	-6344115	-28119	-2179167	10079	-7239193	183057	-8815779	-12266833	-5581756	-11745108	-7600146	346520	-9294496	469417	-547	713	-8246	-4323094	-3697532	-12077074	-6700369	13820	-3891703	-8365217	-3040770	-9114938	-4489035	-9232733	-3714719	-4584761	-10494012	-5102059	-4413845	-13836530	-2829	201	-8917804	-4469649	-4363382	-9230396	-12576766	2641	-4671764	7035	-12114391	-4326883	-26426	-4908176	301981	168732	528307	-10249593	-27595	-8944622	-9108933	237127	-5988616	-1443994	-6936975	-8863871	-9229765	-8964041	108090	-8981917	-10568736	-6309980	-4337404	-2750032	428441	2148	-8524503	-6186965	-4353800	-9589238	4857	-8807557	-13615655	-3991441	-121009	2130	-4745441	-4224604	-12206016	329081	-1053923	-5690	-14021898	-12035228	-11753211	-5893365	-12137485	-8988130	-9927411	-12595965	-7536504	-9012369	-6227156	-11812821	-4142906	-8126493	3531	-4504292	-4230232	-4622046	-8942450	3281	-348	-8076037	-12186048	-7702768	-9660646	-3245581	-2635491	-8072580	-4172489	-4508919	-173667	-3961076	-6258257	-6238296	-11370244	2750	-5548665	-1061739	-4736468	-2452616	-4204380	-2559	148727	-9180788	-4574803	-10370507	-4540027	-4339857	-9224958	-4462563	-4766600	-7156278	-13902177	470430
-3799095	-549135	-443719	-1863	-791821	-1930637	-2918163	-989600	-1282749	-2203958	-2431181	-539902	-4458013	750316	-4078110	-1828854	-1838226	-795683	-1005386	-146	120803	-2888202	-2225931	-3028797	-153645	-2882731	-3749161	-275	-1377284	-3343766	-3392634	-378242	-1447207	-167109	-3026654	-4999475	-2073974	-4586930	-4547698	-3049648	-2854130	-2786571	-1530081	118527	54648	-905370	-4259352	-2256076	-2767310	132294	-1491581	-2968416	-2237556	-1488813	-2570523	-789476	-4187966	-2401027	-4759546	-4441990	-1210925	-1659789	-195047	-1211311	-4077912	51748	-1427551	-3330401	33191	-1824863	-388801	-2753508	-718375	294417	-3209086	-697635	-2126264	-717586	-3452856	-3166940	-2826777	-1274864	-3919321	-814309	-2054988	-8611	-705101	22816	-2336008	53731	-2785936	-3956753	-1793126	-3804711	-2454821	113141	-2985977	150805	391	1172	-891	-1389809	-1250663	-3913966	-2142183	-172	-1276760	-2663189	-965294	-2930364	-1442361	-2967929	-1207159	-1480062	-3371324	-1646922	-1427227	-4434845	-1551	-87	-2870250	-1437193	-1360913	-2966991	-4040642	348	-1501049	2727	-3953943	-1388598	-9383	-1562430	98774	52356	172954	-3310726	-91940	-2876355	-2927007	81568	-1955104	-456265	-2226790	-2848359	-2967118	-2867300	38781	-2888734	-3357753	-2035565	-1388966	-896090	134576	841	-2750875	-1984989	-1397579	-3004269	2031	-2831551	-4366772	-1261415	-44353	917	-1538075	-1355274	-3925716	110284	-355346	-249	-4508489	-3866453	-3771746	-1915312	-3916402	-2877257	-3198489	-4013998	-2492109	-2907310	-1970453	-3813872	-1341856	-2645377	1897	-1458450	-1360078	-1496118	-2862957	779	-257	-2588056	-3913304	-2469726	-3102147	-1054157	-841088	-2593946	-1338986	-1452604	-51026	-1281182	-2011714	-2001011	-3728917	-972	-1762476	-328113	-1529109	-773107	-1376382	-1132	42258	-2930796	-1474334	-3365493	-1468947	-1394423	-2959046	-1449357	-1528213	-2303589	-4468137	151194
-5176043	-754809	-575131	-1486	-1096948	-2643457	-3934615	-1282749	-1767268	-3062498	-3329562	-745731	-6114744	1000430	-5550062	-2403255	-2472765	-1047668	-1411460	-1546	153752	-3905681	-3027026	-4133076	-207228	-3953527	-5075011	982	-1879414	-4540099	-4603922	-490941	-1983215	-224269	-4090968	-6778192	-2789295	-6344329	-6228383	-4091916	-3893199	-3829238	-2109802	130469	79227	-1199988	-5777029	-3057759	-3786580	204180	-2036354	-3979107	-3035035	-2033979	-3501895	-1066947	-5781428	-3246426	-6477239	-6023691	-1648408	-2242524	-249096	-1648943	-5585291	68034	-2011030	-4535899	50591	-2459103	-528379	-3779149	-961041	388294	-4306524	-994452	-2896112	-925720	-4748580	-4299946	-3874170	-1720964	-5237526	-1106884	-2788781	-7226	-971156	-2933	-3168988	78448	-3869958	-5403740	-2473464	-5154723	-3335294	148436	-4080138	197255	131	1166	-2069	-1903403	-1632809	-5302648	-2920017	6509	-1691061	-3684861	-1298647	-4006111	-1975000	-4058628	-1606335	-2013557	-4616352	-2221531	-1944130	-6040499	-1560	384	-3924714	-1968670	-1908992	-4056766	-5505749	440	-2048128	2805	-5320504	-1905703	-11609	-2147134	125171	71497	221825	-4500808	-28737	-3934558	-4005366	104815	-2623471	-603111	-3022310	-3904490	-4056943	-3932931	48058	-3948186	-4645218	-2785455	-1911476	-1204092	184209	582	-3720719	-2706151	-1915572	-4187227	1977	-3875528	-5952770	-1749846	-52039	779	-2086870	-1845370	-5350320	136955	-446863	-1205	-6142012	-5273672	-5156933	-2577867	-5329113	-3945903	-4367007	-5513088	-3320622	-3997716	-2701444	-5177207	-1810673	-3549684	1234	-1985198	-1867452	-2018497	-3929103	1501	-219	-3502954	-5342088	-3350859	-4242441	-1413657	-1149104	-3540012	-1839717	-1968167	-71135	-1728581	-2751751	-2704929	-5020966	-174	-2411798	-467605	-2078367	-1051340	-1825009	-863	57091	-4035816	-2011193	-4560907	-1999628	-1910724	-4050435	-1923156	-2087234	-3125355	-6105638	197331
-9212471	-1317443	-999133	-2702	-2014043	-4680198	-7016577	-2203958	-3062498	-5549532	-5906980	-1315519	-10954701	1836149	-9849443	-4220562	-4370337	-1866587	-2552159	-9294	259703	-6908924	-5382844	-7347751	-374821	-7031137	-9027694	7997	-3305550	-8101760	-8228591	-841958	-3527267	-405106	-7151802	-12094496	-4950427	-11397895	-11120797	-7278959	-6948604	-6805267	-3795072	215631	149714	-2082233	-10286515	-5476365	-6715075	390112	-3620703	-7122219	-5432370	-3616306	-6221939	-1900578	-10349791	-5816571	-11561061	-10727287	-2919879	-3941680	-418274	-2922169	-9926885	124716	-3632940	-8062077	89529	-4328631	-973809	-6723725	-1718971	710303	-7711099	-1732052	-5135225	-1692042	-8429187	-7661308	-6880908	-3065489	-9199598	-1942672	-4934557	-21129	-1700126	-26276	-5636175	148438	-6955687	-9567522	-4369899	-9128786	-5918104	265170	-7259725	360636	-1101	-438	-8436	-3379234	-2800157	-9384857	-5243623	16681	-2993830	-6576468	-2376791	-7118728	-3508173	-7210636	-2870510	-3571696	-8201305	-3967586	-3438950	-10809849	-1481	418	-6963542	-3493359	-3468127	-7208690	-9816425	2498	-3647781	4851	-9372538	-3385237	-18929	-3852391	229083	132013	402231	-7982121	92574	-6987640	-7117205	177108	-4629614	-1128100	-5411365	-6929240	-7207904	-7021508	78062	-7015057	-8314725	-4925161	-3398493	-2127702	335945	1298	-6631507	-4833227	-3406219	-7593238	3187	-6882670	-10637176	-3149701	-86456	1276	-3689512	-3299645	-9524055	247233	-792584	-6283	-10943401	-9395429	-9185394	-4568618	-9457165	-7036686	-7746550	-9879890	-5788032	-7039847	-4895041	-9194665	-3217092	-6290267	1562	-3507562	-3307403	-3589767	-7000229	2726	-60	-6301238	-9516897	-6011996	-7548409	-2514928	-2062724	-6306475	-3266393	-3511295	-139941	-3077206	-4890848	-4864423	-8782931	4328	-4355326	-850141	-3688847	-1928418	-3237839	-1462	119582	-7202656	-3569889	-8056256	-3535844	-3393571	-7214888	-3447675	-3725020	-5578164	-10856764	361044
-9917789	-1428133	-1096801	-3194	-2131988	-5046769	-7560397	-2431181	-3329562	-5906980	-6362906	-1417540	-11746164	1957361	-10618043	-4600009	-4730681	-2021334	-2714015	-6379	290194	-7468278	-5798317	-7912264	-400992	-7563809	-9732351	5110	-3576325	-8715976	-8847924	-929244	-3794749	-433562	-7772048	-13017306	-5347358	-12187499	-11943884	-7858841	-7468975	-7320212	-4057428	251039	155776	-2278577	-11080076	-5884053	-7235225	399199	-3898310	-7669323	-5838105	-3893119	-6703589	-2047601	-11088245	-6251452	-12432481	-11554540	-3150472	-4272374	-467425	-3152173	-10683406	133458	-3862553	-8685179	94713	-4692648	-1032167	-7230567	-1852666	760153	-8299992	-1868893	-5537903	-1816649	-9070369	-8248426	-7406893	-3304059	-9996912	-2105181	-5328416	-19996	-1840301	-5817	-6073763	154223	-7430833	-10319661	-4709819	-9859149	-6382454	287252	-7812806	386938	-419	888	-6434	-3638499	-3089027	-10138294	-5620739	13574	-3246798	-7052079	-2532459	-7664846	-3776969	-7764219	-3097629	-3851708	-8829168	-4272173	-3711999	-11609285	-2406	513	-7502074	-3761960	-3680639	-7761772	-10559636	1887	-3924916	5541	-10157954	-3642961	-21733	-4125404	246925	140274	434327	-8608921	-463	-7524334	-7661926	197172	-5016323	-1194108	-5814018	-7461409	-7761401	-7539023	89330	-7553471	-8905144	-5313191	-3653913	-2303861	357714	1508	-7143956	-5193782	-3664237	-8076202	3804	-7410579	-11429744	-3362748	-98733	1553	-3986278	-3544973	-10252003	268712	-866348	-4456	-11774706	-10108756	-9879503	-4937743	-10196214	-7560264	-8347557	-10589850	-6313996	-7602795	-5222837	-9915077	-3470714	-6802862	2371	-3788195	-3563721	-3872276	-7523856	2903	-217	-6758463	-10238080	-6453138	-8122836	-2714674	-2211474	-6782851	-3515075	-3779504	-144389	-3317864	-5263728	-5219491	-9548584	1976	-4654733	-899304	-3977709	-2048737	-3507117	-1833	120693	-7729919	-3846402	-8709808	-3817534	-3652835	-7757380	-3716130	-4003854	-6001989	-11687173	387420
-2206365	-320221	-242962	-586	-474076	-1123699	-1678246	-539902	-745731	-1315519	-1417540	-318530	-2612853	431685	-2364815	-1018786	-1050278	-446362	-606525	-1281	63435	-1660275	-1290559	-1761082	-89312	-1684476	-2162265	1036	-797749	-1938358	-1966007	-206722	-845436	-96764	-1731436	-2891563	-1187953	-2715960	-2659103	-1743759	-1662184	-1631941	-904350	52788	33924	-505856	-2463363	-1307043	-1612305	90096	-867736	-1700382	-1296196	-866790	-1491574	-455647	-2470439	-1387492	-2764175	-2568627	-701871	-952397	-104506	-702172	-2380098	28914	-863948	-1932651	21723	-1042983	-229045	-1611171	-410060	166478	-1841188	-419540	-1232532	-399831	-2022023	-1834188	-1650705	-733950	-2219872	-469901	-1187372	-4328	-410657	-4585	-1350804	33678	-1657026	-2299074	-1051366	-2192937	-1420660	62923	-1739070	83980	-76	212	-1340	-811212	-685298	-2255732	-1251649	2868	-718939	-1573614	-559815	-1706559	-841322	-1728541	-685345	-857402	-1965731	-948649	-827705	-2581007	-536	100	-1671619	-838748	-822058	-1727766	-2348520	375	-873288	1197	-2259144	-811965	-4718	-918923	53488	30187	94699	-1917128	1251	-1676473	-1706456	43824	-1114487	-262993	-1291138	-1662885	-1727704	-1679637	19503	-1682620	-1985757	-1185315	-814962	-511318	78661	159	-1586520	-1155744	-817167	-1798633	829	-1651416	-2541727	-750569	-21786	246	-887917	-788452	-2280639	58997	-190293	-901	-2620581	-2248414	-2198815	-1097412	-2269385	-1683800	-1861040	-2355971	-1404212	-1697240	-1159488	-2204007	-772602	-1510448	471	-845159	-794495	-860314	-1674970	508	-73	-1501070	-2277726	-1433614	-1807737	-603107	-491057	-1511645	-784112	-839717	-30559	-737225	-1173547	-1158121	-2125994	386	-1035001	-201667	-885124	-454103	-776925	-325	25441	-1723300	-857472	-1939129	-851027	-814680	-1728336	-822162	-890621	-1334320	-2601422	83970
-18323478	-2625643	-2015637	-5955	-3966880	-9312949	-13975801	-4458013	-6114744	-10954701	-11746164	-2612853	-21732866	3644064	-19604960	-8472777	-8726761	-3735174	-5030759	-14755	531589	-13779380	-10711086	-14614800	-743682	-13972045	-17979498	12253	-6588643	-16112235	-16362839	-1701908	-7009165	-803224	-14300565	-24064129	-9874295	-22562972	-22082628	-14518169	-13807418	-13518430	-7512980	458412	292628	-4185589	-20472566	-10885995	-13355536	751124	-7200375	-14189091	-10800344	-7190726	-12380311	-3782496	-20513381	-11566368	-22985125	-21350771	-5813073	-7871110	-850753	-5816985	-19731456	249078	-7158342	-16040229	174931	-8648500	-1921805	-13355765	-3426657	1414442	-15356104	-3434756	-10223139	-3376180	-16746778	-15243204	-13676661	-6106043	-18416013	-3875517	-9831404	-40416	-3387934	-18661	-11219723	289729	-13757191	-19042368	-8687158	-18193416	-11782901	532172	-14433552	721258	-1373	480	-14025	-6717215	-5659290	-18706727	-10404223	27988	-5991813	-13036106	-4708860	-14155849	-6974499	-14339389	-5728385	-7110624	-16303783	-7898244	-6846913	-21474677	-3770	754	-13849535	-6944654	-6829905	-14335397	-19517887	4227	-7252594	10131	-18725196	-6726669	-39664	-7636409	460164	262311	807381	-15892758	63006	-13893395	-14149893	360995	-9250775	-2229221	-10756196	-13774939	-14334350	-13937188	162285	-13948553	-16471630	-9800494	-6748111	-4249924	666369	2931	-13203220	-9603414	-6766742	-14983000	6826	-13682769	-21134956	-6227180	-179504	2899	-7353334	-6555812	-18942464	498508	-1599551	-10086	-21759060	-18681189	-18255260	-9113347	-18825234	-13973120	-15411154	-19594276	-11611754	-14011677	-9687580	-18310053	-6411348	-12555902	4178	-6985647	-6576109	-7153205	-13903690	5477	-334	-12517182	-18920019	-11943877	-15005218	-5014989	-4093769	-12533021	-6488981	-6986908	-271759	-6130671	-9721074	-9665264	-17572232	5784	-8626335	-1668662	-7344215	-3809296	-6475095	-3365	231875	-14288918	-7100482	-16063587	-7041339	-6744164	-14333403	-6878076	-7402221	-11094478	-21588468	722415
3069739	430775	340960	1222	674040	1550194	2358127	750316	1000430	1836149	1957361	431685	3644064	-634266	3281469	1430370	1463680	636466	838564	3494	-91109	2307479	1796147	2445386	126953	2332021	3020912	-2980	1092173	2708409	2755428	284076	1169707	135996	2374025	4048024	1662886	3775888	3698952	2449725	2315414	2251238	1259592	-84545	-50634	697401	3437796	1835701	2226396	-128727	1203908	2407773	1820122	1201810	2071493	634712	3429840	1951829	3861650	3587419	969329	1313108	139302	970410	3293613	-44293	1190460	2683576	-28021	1445615	329990	2226269	580648	-246773	2603457	551746	1708969	590969	2785818	2560565	2279598	1028907	3087228	641729	1643990	9894	558168	-3883	1882691	-50057	2296615	3173284	1439574	3043413	1971372	-92638	2414532	-128269	408	421	3078	1118977	942593	3129581	1752925	-4738	1014211	2171211	809362	2364962	1163489	2395604	973236	1189125	2718033	1331536	1140243	3611262	414	147	2309707	1156473	1142663	2395365	3275086	-1110	1214971	-1890	3136356	1120188	7022	1282261	-82872	-46372	-143430	2659966	-15432	2317839	2362036	-61881	1553323	389481	1812150	2294477	2394966	2330571	-27664	2328848	2747746	1629559	1122807	713436	-115762	-655	2221795	1612375	1127519	2514075	-1284	2281224	3547673	1040652	30984	-577	1228683	1101400	3174394	-89440	277938	2264	3648207	3131081	3053517	1530167	3148763	2335659	2575004	3283274	1940617	2318131	1636462	3068588	1080947	2111714	-995	1163130	1092616	1203875	2322191	-949	101	2121432	3169863	2015784	2506954	846304	688765	2098490	1078691	1175910	45873	1033175	1622533	1636145	2925302	-1646	1454613	276572	1229155	649166	1096935	732	-44370	2384634	1184670	2683514	1172878	1123412	2395929	1174272	1241772	1863858	3610040	-128850
-16561700	-2381852	-1839816	-5651	-3559152	-8420778	-12639452	-4078110	-5550062	-9849443	-10618043	-2364815	-19604960	3281469	-17734824	-7704264	-7906600	-3385469	-4522043	-10604	487784	-12477286	-9685959	-13210698	-671500	-12622094	-16261324	8460	-5968393	-14561880	-14783481	-1557730	-6332919	-725881	-12980190	-21748444	-8941618	-20329995	-19938571	-13142494	-12472802	-12212680	-6770712	427968	259129	-3810692	-18510978	-9832822	-12075582	663698	-6508156	-12831678	-9754273	-6499094	-11193244	-3421627	-18497681	-10447652	-20766149	-19305069	-5260094	-7139245	-783444	-5263097	-17831279	224153	-6433452	-14502200	157084	-7840923	-1726408	-12064225	-3098663	1274597	-13885352	-3102429	-9247226	-3053603	-15130363	-13780114	-12360359	-5523265	-16717064	-3513779	-8902074	-35822	-3067713	-850	-10146888	256395	-12389343	-17225472	-7854452	-16468583	-10659881	481838	-13042984	649941	-651	1433	-10736	-6072159	-5172220	-16935997	-9391220	20820	-5435787	-11760898	-4238225	-12794672	-6303351	-12960064	-5184172	-6432560	-14732874	-7141595	-6197333	-19390598	-4072	506	-12522005	-6277921	-6134080	-12956063	-17635030	3249	-6553681	9594	-16979512	-6078162	-36585	-6887083	416159	234501	730980	-14380081	-22863	-12559008	-12788135	331920	-8387591	-2002495	-9713458	-12450576	-12955485	-12583012	150421	-12608930	-14851375	-8867587	-6095066	-3851077	598691	2637	-11938145	-8674442	-6114896	-13465009	6677	-12368106	-19087120	-5608356	-167263	2734	-6658792	-5920951	-17120038	454168	-1458250	-7365	-19665085	-16879092	-16491390	-8253967	-17027532	-12617520	-13938944	-17672397	-10561136	-12679445	-8720090	-16560614	-5804288	-11374565	4439	-6325511	-5944914	-6472807	-12554636	4609	-450	-11300374	-17094067	-10783654	-13557195	-4541094	-3692099	-11327330	-5863918	-6315553	-238427	-5546761	-8787082	-8725515	-15954449	3231	-7773032	-1496500	-6643407	-3423700	-5871197	-3256	202792	-12896619	-6421664	-14549427	-6374085	-6095956	-12949219	-6223974	-6685278	-10026980	-19510516	650994
-7191342	-1031982	-824639	-3199	-1521360	-3650955	-5517794	-1828854	-2403255	-4220562	-4600009	-1018786	-8472777	1430370	-7704264	-3425864	-3464446	-1500515	-1924735	-2713	220414	-5447335	-4207853	-5730933	-290905	-5460904	-7088783	1826	-2595526	-6331317	-6428085	-699876	-2741374	-316856	-5680956	-9467348	-3910896	-8736630	-8625031	-5757699	-5408721	-5279588	-2913763	211853	106962	-1691086	-8057939	-4277763	-5233377	261418	-2823134	-5615819	-4243043	-2818271	-4862263	-1494171	-7961675	-4554020	-9017180	-8402415	-2287941	-3118723	-358784	-2288937	-7719448	97924	-2733063	-6301484	62770	-3433720	-745921	-5219542	-1360608	560440	-6073176	-1320493	-4017822	-1360305	-6538253	-5992727	-5351905	-2409158	-7358006	-1533278	-3874492	-17775	-1326954	29349	-4416799	105500	-5312330	-7476635	-3389087	-7182871	-4638753	212527	-5653769	285479	188	1303	-3418	-2630649	-2319889	-7385373	-4067526	2755	-2401564	-5057862	-1844504	-5545955	-2730317	-5616691	-2281908	-2796656	-6385211	-3118006	-2695078	-8413342	-2383	65	-5429341	-2719894	-2609826	-5615377	-7652871	1217	-2842507	4800	-7434993	-2630046	-16659	-2968669	186180	100270	325210	-6251623	-105189	-5443534	-5540950	148143	-3678312	-879017	-4223847	-5391160	-5615171	-5439553	69578	-5467267	-6386886	-3844578	-2632906	-1688496	255530	1630	-5204714	-3761504	-2647671	-5754161	3458	-5359596	-8281591	-2405314	-79867	1462	-2900350	-2570226	-7430417	205555	-663432	-2009	-8535046	-7323208	-7147008	-3612534	-7402019	-5456778	-6043437	-7632742	-4658456	-5486723	-3764078	-7209624	-2529831	-4987573	2813	-2751481	-2573199	-2825977	-5429059	1677	-143	-4912181	-7411774	-4686931	-5877686	-1988918	-1599550	-4910300	-2536245	-2749485	-104691	-2420086	-3806669	-3799778	-6995116	-131	-3360368	-631524	-2889807	-1483657	-2591443	-1899	85685	-5562768	-2788618	-6343931	-2772917	-2640107	-5605840	-2738631	-2896694	-4364113	-8457704	286113
-7384120	-1060604	-829100	-2759	-1576579	-3754559	-5645135	-1838226	-2472765	-4370337	-4730681	-1050278	-8726761	1463680	-7906600	-3464446	-3538634	-1520650	-2000757	-4004	221173	-5574714	-4317786	-5888142	-298475	-5621406	-7261086	3042	-2663071	-6493257	-6593331	-702443	-2820529	-323332	-5805803	-9705488	-3995812	-9029031	-8876569	-5877461	-5557450	-5437062	-3007227	201104	114141	-1713826	-8259674	-4385593	-5379742	285248	-2900660	-5735189	-4351905	-2896290	-4991609	-1527909	-8221403	-4664247	-9257767	-8613209	-2346640	-3188594	-355818	-2347682	-7941643	100400	-2844810	-6467770	67812	-3507985	-766832	-5372670	-1388006	571099	-6203767	-1376274	-4124069	-1371220	-6735107	-6146038	-5505681	-2465907	-7491575	-1569351	-3970405	-16103	-1367021	11541	-4527450	112767	-5498620	-7679779	-3494838	-7355137	-4755998	216204	-5811938	291394	-116	901	-4263	-2705021	-2335197	-7562682	-4179552	7427	-2438647	-5225014	-1889852	-5701392	-2808192	-5775179	-2322605	-2869044	-6565900	-3189671	-2763963	-8641656	-1980	300	-5580113	-2796759	-2713079	-5773673	-7860691	1340	-2920720	4422	-7592672	-2706979	-16755	-3061233	187570	104532	328542	-6412230	-45400	-5595955	-5697718	148949	-3752785	-894775	-4333067	-5546340	-5773482	-5600452	68867	-5618521	-6598387	-3951049	-2712719	-1723990	265460	1529	-5330492	-3864480	-2723170	-5968727	3063	-5510406	-8507300	-2488289	-76987	1374	-2971342	-2639032	-7631988	204503	-660298	-2824	-8763983	-7523868	-7348403	-3690345	-7594816	-5617441	-6209383	-7865055	-4735307	-5647988	-3879309	-7391669	-2589314	-5089035	2172	-2820907	-2648268	-2890966	-5590697	2061	-83	-5036508	-7617984	-4807919	-6042891	-2029775	-1645395	-5044203	-2610878	-2817971	-107919	-2476228	-3913533	-3892974	-7139481	833	-3458807	-660048	-2963799	-1524580	-2632420	-1655	89688	-5735847	-2862369	-6495884	-2843266	-2715131	-5765766	-2786508	-2978328	-4473802	-8694397	291933
-3163488	-450327	-359926	-1327	-676134	-1603451	-2429212	-795683	-1047668	-1866587	-2021334	-446362	-3735174	636466	-3385469	-1500515	-1520650	-661082	-850464	-1871	95885	-2391856	-1850244	-2520276	-128430	-2401758	-3118215	1440	-1136778	-2787182	-2831869	-303841	-1205564	-139397	-2484078	-4168645	-1718630	-3854288	-3797888	-2532717	-2380779	-2320990	-1285782	92328	48323	-737963	-3545053	-1885457	-2299266	118591	-1241413	-2475393	-1870119	-1239226	-2137839	-656959	-3509073	-2007556	-3970498	-3696961	-1004409	-1365826	-154540	-1004979	-3393562	43652	-1207205	-2770660	27435	-1505383	-331875	-2295332	-599704	249271	-2676805	-576476	-1765232	-603232	-2873107	-2637141	-2352240	-1060077	-3223788	-671129	-1700261	-8561	-580394	11573	-1942457	47760	-2343783	-3282781	-1486831	-3154195	-2038157	94144	-2487033	127486	-74	258	-1956	-1155770	-1008542	-3242698	-1793661	2150	-1054696	-2226409	-818943	-2438343	-1200260	-2469568	-1005582	-1228633	-2806798	-1372816	-1182564	-3707462	-876	66	-2385422	-1194808	-1155072	-2469158	-3368890	749	-1250710	2022	-3260133	-1155930	-7361	-1308988	83021	45121	144486	-2746290	-29933	-2392279	-2436067	64340	-1613797	-392439	-1861796	-2368854	-2468882	-2394330	30020	-2403169	-2814206	-1686707	-1157525	-741198	113755	697	-2290686	-1656269	-1163700	-2546969	1425	-2355150	-3647337	-1061207	-34309	563	-1272806	-1132148	-3268947	91013	-291346	-1271	-3755445	-3223130	-3144833	-1586509	-3252505	-2401750	-2655100	-3365019	-2035788	-2404819	-1665492	-3169784	-1112376	-2190738	1126	-1206664	-1129893	-1242794	-2389181	852	-21	-2168541	-3261896	-2067029	-2585485	-874324	-705909	-2159710	-1114250	-1210444	-47648	-1064833	-1672788	-1676887	-3059861	399	-1484870	-279305	-1269918	-658582	-1139070	-800	40190	-2448532	-1225022	-2783169	-1216382	-1160101	-2466014	-1207689	-1275746	-1921074	-3719636	127827
-4227942	-607056	-455296	-1108	-925710	-2149662	-3213705	-1005386	-1411460	-2552159	-2714015	-606525	-5030759	838564	-4522043	-1924735	-2000757	-850464	-1177134	-4234	117992	-3167109	-2470770	-3373636	-172070	-3230526	-4137615	3646	-1518511	-3716097	-3772981	-384151	-1620634	-185581	-3280499	-5543904	-2267637	-5243127	-5108399	-3331060	-3189645	-3128193	-1745200	94363	68934	-951066	-4716927	-2510153	-3085357	182886	-1662456	-3258272	-2489500	-1660574	-2855484	-870850	-4759851	-2663675	-5303935	-4919366	-1340325	-1808941	-190024	-1341366	-4561233	56758	-1676628	-3699664	42285	-1983237	-446103	-3089424	-785094	323207	-3528587	-801358	-2357322	-768170	-3875707	-3514208	-3161671	-1404861	-4209178	-891811	-2265481	-9052	-782523	-17072	-2584925	68418	-3201659	-4394228	-2011530	-4185811	-2715342	120872	-3333646	163963	-510	-173	-3833	-1552702	-1276221	-4303918	-2407220	8297	-1366970	-3027009	-1086383	-3269466	-1611671	-3311694	-1310556	-1639315	-3766536	-1817112	-1579102	-4959151	-675	192	-3198734	-1605116	-1598800	-3310612	-4504947	1094	-1674599	2184	-4295200	-1555695	-8546	-1770847	103591	60310	182647	-3664395	52511	-3209819	-3269169	81232	-2120015	-513264	-2480139	-3184026	-3310264	-3226268	35294	-3221942	-3825500	-2263829	-1562508	-973892	154345	415	-3038684	-2218462	-1565181	-3494579	1431	-3161872	-4880621	-1449875	-38849	516	-1693369	-1513735	-4371358	112045	-358333	-2857	-5023185	-4312142	-4217386	-2092489	-4340316	-3232911	-3559314	-4537806	-2649558	-3238459	-2245721	-4216781	-1475619	-2879053	633	-1610961	-1520187	-1644888	-3215992	1246	-79	-2888075	-4368859	-2755862	-3465548	-1151391	-945970	-2896725	-1501635	-1609615	-62743	-1410396	-2247184	-2227828	-4026423	1997	-1998464	-392840	-1692583	-882449	-1478523	-571	54149	-3311957	-1639327	-3696293	-1623439	-1559431	-3314686	-1574244	-1710118	-2557359	-4985552	164082
-10585	-823	-294	-18	-4140	-4787	-8258	-146	-1546	-9294	-6379	-1281	-14755	3494	-10604	-2713	-4004	-1871	-4234	-234	-72	-6618	-6088	-8301	-621	-8127	-10069	215	-2744	-9828	-10270	65	-4043	-647	-4586	-14526	-5163	-16538	-13943	-7842	-8623	-7729	-5567	-394	490	-734	-11783	-7114	-7170	1304	-4093	-8817	-7049	-4107	-6899	-2125	-14050	-7556	-14147	-12358	-2940	-3159	377	-3010	-11316	278	-6060	-8935	164	-3511	-2021	-7772	-2029	1271	-9680	-1277	-5391	-2779	-9476	-8945	-7646	-3540	-6673	-1402	-4913	-197	-1404	-857	-6304	472	-10269	-9744	-4400	-9035	-6261	316	-8364	677	-44	-71	-164	-3685	66	-9182	-7256	216	-2674	-8442	-4408	-7973	-3904	-8087	-3329	-3778	-9139	-4704	-3341	-13987	42	-12	-7496	-3805	-6237	-8117	-11782	55	-4277	-9	-7848	-3792	17	-5501	399	311	614	-8423	4525	-7704	-7991	-61	-4021	-2516	-7055	-7559	-8095	-8884	-138	-7790	-11250	-4846	-3912	-1918	719	12	-7698	-6087	-3861	-13046	-21	-7603	-13390	-4807	117	18	-3518	-4186	-11064	276	-613	-152	-12935	-11103	-10883	-4513	-10147	-8622	-8350	-13358	-3021	-6378	-7991	-9936	-3545	-6161	0	-3291	-3467	-3941	-8444	1	-9	-8858	-11295	-8155	-8663	-2759	-2864	-7492	-3586	-4215	-472	-3473	-5583	-6761	-5658	160	-6656	-1585	-3962	-3724	-3095	0	611	-9119	-3831	-7447	-3431	-3731	-8589	-4356	-4592	-6696	-12366	681
454153	64953	53834	306	93684	231210	350166	120803	153752	259703	290194	63435	531589	-91109	487784	220414	221173	95885	117992	-72	-16136	346761	266483	362382	18478	344523	449345	122	164425	399096	405803	45397	172445	19476	363301	598605	249201	544463	542494	366035	340545	331717	181145	-16364	-7218	109315	509370	269287	330205	-15724	178219	356289	267960	177771	307529	93295	499063	286698	569192	531682	144225	198771	22723	144272	487024	-6846	167529	397728	-4077	219534	45650	327572	86071	-36332	384345	82689	254619	85868	411846	378757	336771	153023	472452	96499	245651	675	84991	-4937	279479	-7002	329854	472771	214180	455117	293179	-14327	356874	-19598	-70	-171	17	165257	151715	468574	254217	-288	153887	316443	115237	350276	172176	355184	144915	177017	402003	196685	169607	529249	165	30	342360	170930	159635	355080	483549	10	179455	-318	475440	165350	1429	186245	-12664	-7101	-21922	395894	14116	342877	349415	-10439	235187	53250	266337	339600	355222	341182	-5218	344279	398443	242550	165056	107816	-17360	-219	329792	237031	165676	355589	-234	337217	520882	148738	5376	-216	183890	161460	470105	-13508	42972	-15	538438	462542	450274	229346	468487	342793	381917	478123	300995	347212	234174	457166	161054	317275	-306	173304	162164	179349	341891	-207	69	309031	468382	294653	370114	126188	100466	308628	158972	173978	5667	153607	239615	238732	448230	163	208518	37935	182939	90723	165474	207	-5431	348507	174994	402838	174816	165517	352502	174468	182775	274688	534507	-19755
-11652262	-1675121	-1302610	-4153	-2493534	-5925228	-8900805	-2888202	-3905681	-6908924	-7468278	-1660275	-13779380	2307479	-12477286	-5447335	-5574714	-2391856	-3167109	-6618	346761	-8789964	-6814153	-9293170	-471230	-8875292	-11450319	5133	-4201888	-10245421	-10401917	-1103511	-4453065	-510092	-9151639	-15308340	-6299059	-14270272	-14015750	-9262109	-8771396	-8585806	-4752796	310673	180810	-2695330	-13029076	-6918465	-8493482	456867	-4578160	-9038570	-6864446	-4571553	-7876558	-2409399	-12990448	-7354841	-14608761	-13587245	-3702215	-5028766	-557529	-3704161	-12538237	157910	-4504320	-10205286	108461	-5528219	-1211509	-8482720	-2185237	898743	-9778891	-2177992	-6507547	-2155425	-10636821	-9696817	-8692173	-3888612	-11797788	-2475406	-6264766	-24997	-2158391	10485	-7142011	178813	-8693073	-12120311	-5520606	-11598661	-7503108	340252	-9173807	458466	-273	1310	-6954	-4270266	-3666846	-11927085	-6599316	13034	-3837624	-8257921	-2980263	-8999496	-4433126	-9115998	-3656996	-4526948	-10363983	-5028824	-4361586	-13637698	-3054	432	-8808154	-4415253	-4294980	-9113319	-12405185	2132	-4609739	6837	-11967803	-4273923	-26155	-4836286	294362	164868	516366	-10118485	-50039	-8833290	-8994327	234604	-5913526	-1409002	-6835092	-8756082	-9112991	-8843640	107631	-8868766	-10427676	-6237357	-4284257	-2715646	419604	2071	-8405630	-6099897	-4299443	-9440088	4761	-8698598	-13425432	-3934046	-119814	1997	-4687681	-4164584	-12043891	321196	-1034816	-4653	-13832159	-11874072	-11598973	-5816216	-11983060	-8869867	-9802549	-12419841	-7456351	-8918415	-6125579	-11659100	-4084706	-8018573	3301	-4451535	-4181158	-4558364	-8826985	3302	-264	-7947126	-12023483	-7585674	-9537112	-3199129	-2596603	-7964114	-4122665	-4445078	-169239	-3905233	-6178472	-6139801	-11251386	1613	-5461256	-1046170	-4675831	-2405573	-4143921	-2435	141687	-9060619	-4517713	-10245669	-4486292	-4286575	-9103884	-4388112	-4701323	-7056832	-13723385	459276
