-43	2249	2684	2932	2920	2987	2843	2668	1233	3720	3292	3007	3530	3229	3222	2859	2992	3024	2546	2762	2716	3003	3079	2993	1744	2659	2716	2412	2239	2397	2144	1790	30	11056	10629	10296	10806	10608	8379	19319	76861	218848	216516	652728	1974296	5910091	17705832	53105195	159390754	478755458	478755085	1438727155	4326344655	13017375929	39190722463	118058751005	355848549196	1073200115910	1073200115059	3238478613385	9777825696994	29537951892858	89279349689645	269991293983432	816905851698152	2472936858470241	2472936858471698	2472936858471729	2472936858471599	2472936858471825	2472936858472072	2472936858471766	2472936858470754	839125155076473	299142567109284	120583867729284	61507963942884	41952312549912	35475355322757	33328955092482	-15921	10397954561544	-56691	-65142	-38079	-82152	-75726	-261	-26982	3229867323801	-81324	-59049	-52596	43974	207	-69975	-81279	998240976558	-56691	-65142	-38079	-82152	-75726	-261	-26982	306712231452	-792	-62793	-28431	-20898	-53424	-39960	-15921	93584657394	-18360	-31644	-71901	-40347	-34803	12492	-49545	28317413007	8481551706	2508380154	729934668	207875340	57420666	15160428	-25848	3767355	-25821	-25794	-25776	-25776	-25794	-25821	-25866	783819	-25821	-25767	-25740	-25740	-25767	-25821	-25848	107181	-25821	-25785	-25605	-272979	-243729	243891	381483	-757323	453600	318033	146664	-298971	1454274	-2419065	382806	1103868	515079	-817938	-170343	-1176525	468504	-1196694	4018815
2249	-191001	-230393	-250217	-249535	-255800	-244238	-228891	-100478	-314814	-279339	-253815	-299959	-275529	-277053	-245558	-255949	-256848	-218102	-237039	-230250	-253237	-263478	-254039	-146401	-236882	-237478	-210978	-200110	-208821	-185282	-157541	-2314	-977523	-938785	-908262	-955786	-942109	-742130	-1699964	-6756523	-19263830	-19055612	-57439026	-173715755	-520032693	-1557908223	-4672594380	-14024213762	-42123418265	-42123362475	-126585090938	-380644675295	-1145293115046	-3448030438505	-10386774269822	-31307072869630	-94417567088448	-94417567012938	-284910226223648	-860209607111977	-2598588172474391	-7854223752120080	-23751841081576194	-71864579817459227	-217546137456422477	-217546137456539387	-217546137456539560	-217546137456532472	-217546137456551024	-217546137456568541	-217546137456542850	-217546137456456690	-73816977821718444	-26313295658541561	-10604848154240019	-5407671809233371	-3687252595090251	-3117432142611804	-2928597008568903	1327842	-913584853826973	4921371	5693607	3376332	7204680	6644691	43470	2349297	-283754733633009	7104150	5180391	4585167	-3900627	-70650	6099714	7131168	-87688848646080	4921578	5693850	3376278	7204194	6644178	43146	2349117	-26939029213287	72180	5512923	2448054	1853298	4677813	3462759	1327518	-8218381468194	1639161	2747007	6299865	3500361	2972592	-1036044	4312233	-2486288665953	-744509572704	-220119486480	-64029562758	-18225251244	-5030548533	-1326676230	2271060	-329061033	2268801	2265939	2264139	2263878	2265273	2267847	2270574	-68162544	2267982	2264319	2261574	2261178	2263284	2266965	2270295	-9201411	2267973	2264238	2251161	23144814	20638989	-21072663	-33284790	64789038	-39436605	-27410832	-12701502	26006940	-124810632	210469023	-31841748	-94152537	-45142758	72545868	17058276	105182145	-38721078	104522724	-347726682
2684	-230393	-279053	-302667	-302539	-310013	-295496	-277577	-120884	-382075	-338252	-307755	-363662	-333771	-335181	-296806	-308974	-310240	-263065	-286787	-278871	-306751	-318776	-307506	-176205	-283963	-285158	-253590	-239985	-250789	-222421	-188855	-2794	-1172315	-1127081	-1089983	-1147131	-1129898	-890045	-2040912	-8112216	-23127888	-22877725	-68957094	-208554064	-624324047	-1870345135	-5609677308	-16836757311	-50571245069	-50571179959	-151971699043	-456982980058	-1374982037859	-4139535124471	-12469851415095	-37585744102528	-113353150636467	-113353150544747	-342049474865483	-1032726396138625	-3119741019492304	-9429408490454448	-28515339907022406	-86277242433724552	-261175738408781441	-261175738408922936	-261175738408923376	-261175738408914575	-261175738408937246	-261175738408958090	-261175738408927077	-261175738408823052	-88621253541590625	-31590573727516176	-12731756746532871	-6492274707478194	-4426821915298863	-3742722965530134	-3516016664420415	1603296	-1096834062647466	5929290	6834924	4056147	8657316	7977312	51471	2828556	-340671648460338	8538003	6224751	5510763	-4682637	-75303	7326648	8566713	-105278143872816	5929560	6835185	4056021	8656695	7976637	51021	2828331	-32342749620129	92745	6618258	2946519	2225529	5617593	4167774	1602855	-9866943873495	1963683	3305844	7568514	4205421	3583062	-1246950	5189571	-2985035925276	-893861690697	-264278042541	-76875239484	-21881837781	-6039926766	-1592911080	2730033	-395115255	2727099	2723670	2721546	2721240	2723022	2726190	2729457	-81849573	2726028	2721600	2718324	2718000	2720610	2725065	2729061	-11047734	2726055	2721510	2705886	27878184	24867396	-25387344	-40038678	77944302	-47452770	-33002127	-15315993	31208274	-150207453	252904923	-38398212	-113317704	-54342090	86973588	20288151	126083628	-46650978	125506260	-418093164
2932	-250217	-302667	-329487	-328762	-336917	-321790	-301434	-130863	-414876	-367859	-333367	-394609	-363341	-364491	-322325	-336048	-336721	-286562	-311607	-303051	-333853	-346926	-334178	-191505	-310192	-311137	-276386	-262524	-272951	-242869	-205737	-2963	-1279608	-1229154	-1188588	-1250856	-1233203	-971103	-2224127	-8842484	-25212189	-24939302	-75173201	-227350639	-680593922	-2038907335	-6115222564	-18354036312	-55128418542	-55128344032	-165665970200	-498160583882	-1498873959123	-4512512619898	-13593363149927	-40972040384724	-123565391994984	-123565391895527	-372864483632135	-1125761055012088	-3400778602852557	-10278817629385915	-31083948400301838	-94048705189943358	-284700583691116998	-284700583691269461	-284700583691269663	-284700583691260477	-284700583691285163	-284700583691307619	-284700583691273779	-284700583691161059	-96603173311510575	-34435276510875180	-13877641252022535	-7076084046242016	-4824561936323247	-4078832969018208	-3831702185205045	1733823	-1195289976657006	6448518	7452837	4423689	9437157	8703360	56844	3076137	-371243262730365	9309267	6789681	6005502	-5113719	-94176	7987707	9340713	-114722726795028	6448815	7453170	4423572	9436446	8702631	56358	3075885	-35243160002568	102168	7219944	3201732	2423988	6123600	4534092	1733355	-10751391521415	2140920	3597255	8251758	4582062	3890664	-1355868	5648112	-3252463083639	-973889042778	-287919064962	-83744661204	-23834298510	-6577726536	-1734285627	2974185	-429995016	2971269	2967624	2965176	2964843	2966652	2970027	2973618	-88984458	2970225	2965311	2961774	2961216	2963970	2968749	2973096	-11970099	2970198	2965392	2948724	30287421	27020988	-27608553	-43632108	84828141	-51689259	-35909676	-16686810	34040088	-163662039	275534460	-41801346	-123341211	-59242671	94938642	22293630	137763504	-50799393	136776438	-455474664
2920	-249535	-302539	-328762	-330179	-337197	-321595	-302337	-129260	-417564	-367818	-335449	-396164	-363645	-364776	-322516	-335105	-336101	-284931	-312006	-303672	-333953	-345759	-334708	-189191	-303876	-306441	-272093	-256836	-268519	-238300	-202041	-2943	-1253998	-1207189	-1166988	-1228601	-1208659	-951859	-2185435	-8688995	-24771701	-24502246	-73849373	-223357116	-668636665	-2003100317	-6007846797	-18031830121	-54160835403	-54160766332	-162758902300	-489420755392	-1472582748881	-4433376107220	-13355021740200	-40253790858613	-121399678659758	-121399678559514	-366330579298938	-1106037420525653	-3341206975906041	-10098795413059917	-30539643198796146	-92402120562234203	-279716949740392854	-279716949740545751	-279716949740546514	-279716949740536543	-279716949740561295	-279716949740583424	-279716949740549473	-279716949740436756	-94912708616203179	-33833422218577920	-13635831392377287	-6953417440489683	-4741342599544107	-4008681440905530	-3765882083764743	1726623	-1174786441960275	6381774	7317117	4351428	9287955	8548776	54711	3047283	-364885434039699	9161352	6680079	5915025	-5021352	-70560	7853526	9191511	-112761723619827	6382107	7317432	4351248	9287145	8547966	54153	3047022	-34642074713526	108252	7091820	3167622	2387772	6016338	4482288	1726074	-10568509540641	2098728	3547989	8121591	4505688	3853620	-1344402	5578146	-3197316604671	-957442163049	-283081213665	-82346768064	-23439979980	-6470291988	-1706528556	2925135	-423353511	2921715	2918151	2915874	2915793	2917764	2921238	2924685	-87716493	2920572	2915721	2912463	2912220	2915244	2920059	2924253	-11843523	2920527	2915811	2899710	30095676	26865216	-27378459	-43075665	84006207	-51061725	-35543367	-16604271	33493689	-162171801	271733292	-41747481	-122218470	-58653153	92990025	21269304	134586117	-50803362	134512002	-449827992
2987	-255800	-310013	-336917	-337197	-345511	-329324	-309351	-133665	-425922	-376853	-342417	-404777	-372126	-373148	-329837	-343516	-344586	-292427	-319036	-310502	-341974	-354885	-342315	-195308	-314520	-316349	-281152	-266222	-277770	-246971	-209063	-3037	-1299162	-1249310	-1207712	-1271302	-1252145	-986159	-2261109	-8989888	-25630083	-25352522	-76416102	-231113821	-691858642	-2072660647	-6216464667	-18657931054	-56041284583	-56041212062	-168409480535	-506411126127	-1523700602559	-4587262512966	-13818557665577	-41650863677388	-125612796717297	-125612796615262	-379043153476297	-1144417405931038	-3457141681658567	-10449188250725902	-31599203418625873	-95607800485904414	-289420575594994662	-289420575595151555	-289420575595152065	-289420575595142216	-289420575595167548	-289420575595190394	-289420575595155950	-289420575595040256	-98204974623472170	-35006567786187648	-14108191284652938	-7193907921258207	-4905073109504676	-4146986802510285	-3895761209257539	1776690	-1215285338013021	6577884	7577865	4497975	9601758	8847810	57951	3138246	-377457994095417	9471465	6906618	6112530	-5194485	-83079	8126424	9501498	-116644804085916	6578226	7578207	4497885	9601056	8847072	57438	3137985	-35834199125949	108234	7340022	3266577	2466018	6228171	4623822	1776159	-10931903355006	2174832	3667518	8394480	4662405	3974274	-1382157	5756337	-3307146641487	-990291002220	-292778545464	-85162041981	-24239197017	-6690060396	-1764145782	3027690	-437499369	3024414	3020697	3018267	3017997	3019977	3023532	3027141	-90581697	3023253	3018231	3014712	3014325	3017277	3022218	3026628	-12200490	3023226	3018294	3001482	30919680	27589446	-28164186	-44426448	86470146	-52647435	-36610650	-17022150	34608654	-166821363	280461447	-42709599	-125764812	-60335037	96384006	22418532	139756185	-51884469	139120011	-463819527
2843	-244238	-295496	-321790	-321595	-329324	-315357	-294849	-126822	-406113	-359489	-325610	-385529	-355783	-356572	-315342	-328203	-328455	-280121	-304886	-296255	-326233	-339112	-327343	-186341	-302445	-303437	-269525	-255860	-265754	-236560	-200780	-2868	-1247417	-1198395	-1158776	-1219571	-1202256	-946838	-2167989	-8618322	-24575134	-24308500	-73271291	-221598363	-663374313	-1987319281	-5960494932	-17889635705	-53733523056	-53733448594	-161474122743	-485555466037	-1460947001156	-4398328264085	-13249393352938	-39935261530148	-120438589391759	-120438589294453	-363429098582480	-1097273200313657	-3314719520070499	-10018702116847308	-30297330332714947	-91668660518074460	-277495731152961080	-277495731153109117	-277495731153109355	-277495731153100415	-277495731153124520	-277495731153146206	-277495731153112772	-277495731153003192	-94158410117085771	-33563749451624772	-13526345217851079	-6896906177636808	-4702359777111822	-3975501579907065	-3734624401296084	1684512	-1165004273173437	6281307	7262334	4311324	9196947	8481213	57366	2999889	-361835967911679	9069705	6618969	5851629	-4988619	-93771	7782885	9104769	-111815330626503	6281604	7262730	4311261	9196209	8480430	56826	2999619	-34349881888755	99081	7035084	3120318	2364849	5968521	4415967	1684026	-10478842573356	2086299	3503178	8042292	4461957	3786408	-1322199	5502456	-3169997182647	-949190422077	-280615057920	-81619393887	-23229124191	-6410590767	-1690171119	2896875	-419039910	2893968	2890485	2888154	2887839	2889594	2892870	2896371	-86707782	2892969	2888226	2884833	2884320	2887011	2891664	2895858	-11661876	2892978	2888352	2872215	29522304	26340768	-26902260	-42526620	82706076	-50382648	-34989165	-16274520	33193935	-159606855	268613820	-40789008	-120231297	-57773979	92507589	21725496	134282043	-49632021	133254801	-444020616
2668	-228891	-277577	-301434	-302337	-309351	-294849	-277863	-119284	-382226	-337459	-307491	-363141	-333192	-334315	-295335	-307234	-308547	-261437	-285809	-277981	-306171	-317218	-306647	-174236	-279315	-281761	-250474	-236594	-247314	-219946	-186225	-2697	-1155580	-1112384	-1075078	-1131893	-1113903	-877484	-2013657	-8005203	-22822243	-22574653	-68041258	-205787518	-616041868	-1845533366	-5535253273	-16613378356	-49900278968	-49900216372	-149955314428	-450919460384	-1356737387420	-4084605861077	-12304378457063	-37086971884023	-111848880410815	-111848880319178	-337510119814656	-1019020632141714	-3078336377098229	-9304259533322847	-28136868228725760	-85132091086301259	-257709080340116347	-257709080340257415	-257709080340258100	-257709080340248755	-257709080340271599	-257709080340291865	-257709080340261066	-257709080340156987	-87444898167769944	-31171161710288730	-12562642643568489	-6405969889302402	-4367928625116567	-3692908385449806	-3469210624791756	1588149	-1082229593922657	5870214	6747255	4004325	8553447	7876161	52137	2802834	-336134438169723	8436834	6152724	5447142	-4624326	-66006	7238709	8463780	-103875598990728	5870574	6747624	4004262	8552853	7875522	51678	2802591	-31911723968733	98973	6533757	2916603	2196846	5547267	4124511	1587672	-9735395782383	1934154	3270888	7478550	4152042	3548925	-1234413	5134140	-2945219357493	-881931520764	-260748103212	-75847420278	-21588882831	-5958905769	-1571482161	2697597	-389779191	2694420	2691126	2688993	2688894	2690775	2693988	2697165	-80726526	2693313	2688804	2685789	2685582	2688381	2692836	2696715	-10882539	2693304	2688930	2674260	27617751	24647760	-25138944	-39606165	77154795	-46944657	-32666004	-15203646	30817881	-148869090	249947370	-38200410	-112236516	-53804979	85694193	19786518	124234155	-46416483	123862689	-413517960
1233	-100478	-120884	-130863	-129260	-133665	-126822	-119284	-56057	-162511	-146187	-132925	-156191	-142445	-144025	-127743	-134415	-135718	-114316	-123215	-119658	-132020	-137947	-131943	-79676	-126405	-126682	-112864	-107357	-112798	-100646	-85051	-1338	-527000	-504976	-489306	-514084	-507544	-400321	-916669	-3640486	-10375935	-10265938	-30950245	-93599190	-280197191	-839415527	-2517646862	-7556424123	-22696686534	-22696661271	-68206012155	-205097793961	-617104898405	-1857866654796	-5596612459457	-16868951248542	-50874421834328	-50874421796341	-153516748964061	-463503528386329	-1400190813876969	-4232081552144135	-12798203454238122	-38722873205962236	-117220883949612590	-117220883949676735	-117220883949676684	-117220883949672465	-117220883949681957	-117220883949692326	-117220883949679479	-117220883949633069	-39775137537801699	-14178730629313356	-5714567524993017	-2914185897207768	-1987178840479617	-1680145342534950	-1578396498934221	719523	-492394262048721	2631582	3078909	1806759	3868371	3577518	21357	1253286	-152938194443973	3820338	2778129	2466576	-2084211	-36054	3291930	3826341	-47263663920087	2631618	3078972	1806804	3868344	3577446	21294	1253250	-14520344424516	32256	2968884	1318671	990225	2524338	1856097	719487	-4429916208801	884484	1481517	3385575	1893375	1603800	-556497	2312658	-1340225826102	-401345075583	-118667801790	-34521490611	-9827193393	-2712935367	-715632372	1226286	-177558543	1225035	1223478	1222407	1222200	1222929	1224378	1225854	-36817191	1224675	1222623	1221066	1220742	1221876	1223838	1225764	-4986126	1224666	1222569	1214748	12331809	10977138	-11202003	-17765055	34558110	-21042153	-14642154	-6656607	13952547	-66267558	112656582	-16757037	-50229963	-23819751	39095784	9360441	56834622	-20263365	56232873	-185844780
3720	-314814	-382075	-414876	-417564	-425922	-406113	-382226	-162511	-529598	-464540	-425361	-501410	-459331	-460977	-407678	-422401	-424153	-358762	-394393	-383912	-421823	-435923	-423453	-237613	-379069	-383313	-340411	-319875	-335963	-297469	-252425	-3740	-1564283	-1507538	-1457486	-1534311	-1507379	-1187414	-2731087	-10857496	-30950348	-30613015	-92263479	-279058605	-835380911	-2502646447	-7506145032	-22528861769	-67668436369	-67668354596	-203351279239	-611485084463	-1839858891357	-5539118934927	-16685990932672	-50293917301949	-151679703168112	-151679703041457	-457703614178069	-1381917783039482	-4174620090246341	-12617819943902825	-38157495325860656	-115451336423840247	-349491736270368810	-349491736270562665	-349491736270564098	-349491736270550810	-349491736270582052	-349491736270610048	-349491736270567268	-349491736270425039	-118589063423039241	-42274072771275291	-17038432883367870	-8689192702779702	-5925357136834911	-5009949908427264	-4706590502317203	2178036	-1468275660858123	8007021	9138933	5436864	11613339	10676223	65043	3824091	-456053234505498	11456289	8349534	7401177	-6266493	-69408	9816030	11491560	-140939504234262	8007372	9139275	5436576	11612250	10675134	64332	3823785	-43300115718084	138177	8856549	3975795	2986146	7516503	5619492	2177352	-13210392755673	2616822	4442670	10156059	5634981	4840362	-1693314	6990048	-3996759072006	-1196905666428	-353907679851	-102959513928	-29311105653	-8092400535	-2134953612	3655377	-529885935	3650715	3646224	3643524	3643560	3646197	3650589	3654927	-109905318	3649212	3643119	3639141	3639096	3643092	3649266	3654423	-14890590	3649167	3643218	3622977	37894905	33837516	-34400322	-53963793	105529878	-64003311	-44617419	-20889549	41896089	-203702202	340300602	-52724358	-153595359	-73589877	115923717	25971435	167442471	-64241100	168161913	-563908554
3292	-279339	-338252	-367859	-367818	-376853	-359489	-337459	-146187	-464540	-411764	-373471	-441613	-406218	-407397	-359918	-375151	-376282	-319580	-347976	-338669	-373371	-387380	-373451	-213687	-344176	-346080	-307671	-291584	-303838	-270593	-228901	-3296	-1422621	-1367495	-1321982	-1391489	-1371053	-1079876	-2474727	-9839212	-28052048	-27748440	-83639538	-252958186	-757252084	-2268561415	-6804017122	-20421375853	-61337939822	-61337859892	-184326264109	-554272732850	-1667706059944	-5020801583261	-15124526332759	-45587175607695	-137484004259662	-137484004148576	-414864776206184	-1252569943210564	-3783853745576533	-11436663821654928	-34585382425144145	-104642818261313233	-316770816435808334	-316770816435979695	-316770816435980181	-316770816435969382	-316770816435997116	-316770816436022100	-316770816435984523	-316770816435858048	-107485179913494813	-38314415063171013	-15441087419770437	-7873379928532797	-5368240042230231	-4538510489772219	-4263542481450789	1939392	-1330006471138413	7189389	8298072	4920921	10506483	9685683	64269	3430287	-413086434161130	10364715	7559163	6688215	-5686686	-94653	8896113	10397286	-127653872421456	7189749	8298486	4920885	10505790	9684945	63747	3430017	-39215877558606	117387	8034768	3572109	2697390	6818877	5054868	1938870	-11963405583243	2380608	4012281	9185535	5103297	4344201	-1511316	6294312	-3619146941811	-1083696980895	-320386740768	-93189867741	-26523073314	-7320005838	-1930092993	3313611	-478583955	3310128	3306069	3303387	3303099	3305250	3309075	3313089	-99055917	3308868	3303342	3299481	3299013	3302217	3307644	3312432	-13327461	3308859	3303504	3285234	33776721	30137607	-30764745	-48578535	94530969	-57565404	-40013352	-18582102	37881027	-182369880	306777051	-46652841	-137481948	-65930679	105524937	24631290	153127584	-56667033	152226702	-507248406
3007	-253815	-307755	-333367	-335449	-342417	-325610	-307491	-132925	-425361	-373471	-344852	-404169	-367722	-370921	-328127	-340407	-342708	-287831	-317167	-308566	-338518	-349617	-340061	-192498	-303715	-307909	-273517	-256276	-270890	-239101	-203092	-3062	-1255738	-1210750	-1171348	-1232571	-1209708	-953040	-2196747	-8731398	-24884099	-24613234	-74180825	-224371208	-671667011	-2012204471	-6035195801	-18114037339	-54408127295	-54408068544	-163503196207	-491662220668	-1479336962363	-4453740263689	-13416455113429	-40439223224726	-121959701318276	-121959701217155	-368022813038432	-1111153596353049	-3356682892968925	-10145632349948807	-30681463023124446	-92831752809742192	-281019106535857888	-281019106536017078	-281019106536018435	-281019106536006672	-281019106536031593	-281019106536055002	-281019106536021207	-281019106535904936	-95355600916656477	-33992674870372821	-13701410170393407	-6988044384377685	-4765737191781726	-4029691565663394	-3785772163208139	1771020	-1181045603677563	6459732	7350183	4368060	9339642	8579052	47097	3082014	-366848954514756	9218169	6707682	5959413	-5022828	-40707	7897536	9239580	-113375502103869	6459858	7350318	4367799	9338832	8578206	46530	3081762	-34833159109071	108369	7118091	3210543	2399193	6043842	4531887	1770552	-10627721366589	2102940	3579885	8170731	4539735	3914577	-1371663	5634549	-3215565296082	-963030384270	-284779509858	-82858186233	-23592211164	-6514935606	-1719366840	2941884	-426977739	2937735	2933982	2931822	2932011	2934279	2937960	2941335	-88676460	2936421	2931498	2928339	2928411	2931849	2936862	2941146	-12064149	2936430	2931516	2915244	30638745	27358929	-27755109	-43436385	85130460	-51525774	-35996400	-16828047	33679233	-164036178	273869181	-42561531	-123885531	-59182002	93054825	20576349	134184195	-51823071	135302886	-454077090
3530	-299959	-363662	-394609	-396164	-404777	-385529	-363141	-156191	-501410	-441613	-404169	-476646	-435829	-438155	-387444	-402578	-404476	-341797	-374641	-364583	-400692	-414633	-401610	-227733	-364042	-367391	-326443	-307498	-322513	-285663	-242293	-3563	-1502603	-1447058	-1399119	-1472732	-1447969	-1140463	-2621393	-10421468	-29707489	-29384582	-88564000	-267865153	-801873206	-2402257338	-7205039804	-21625094005	-64953749209	-64953670458	-195193039653	-586952059950	-1766040367990	-5316871399263	-16016471020495	-48275820499178	-145593186397688	-145593186277392	-439336526978815	-1326461276933153	-4007086707136663	-12111432925534092	-36626084673544805	-110817677595603890	-335464406784962091	-335464406785147421	-335464406785148522	-335464406785135998	-335464406785165686	-335464406785192625	-335464406785152327	-335464406785016064	-113829051594089409	-40576882246959852	-16354016395794540	-8339842981429956	-5686920427691844	-4808247373685154	-4517061001104798	2083050	-1409135354276013	7669503	8776161	5216571	11141748	10248912	62451	3659481	-437678838958914	10991835	8009793	7099083	-6014511	-74727	9421047	11024406	-135259200901476	7669845	8776476	5216319	11140821	10247985	61839	3659193	-41554318370445	129051	8502507	3807333	2862576	7216218	5384457	2082465	-12677526715626	2514483	4260987	9742581	5408937	4636476	-1619073	6699384	-3835453640607	-1148566993668	-339602455449	-98793208962	-28123259607	-7763759784	-2047967028	3509757	-508176738	3505509	3501099	3498408	3498345	3500865	3505059	3509199	-105348609	3504033	3498210	3494250	3494079	3497787	3503664	3508740	-14248107	3504042	3498264	3478941	36206838	32323824	-32906655	-51701085	100943901	-61300881	-42713055	-19940256	40164120	-194710554	326086479	-50192298	-146853324	-70387704	111415014	25290225	161131923	-61060635	161383590	-539992008
3229	-275529	-333771	-363341	-363645	-372126	-355783	-333192	-142445	-459331	-406218	-367722	-435829	-402508	-402543	-355944	-370293	-370593	-315938	-344278	-334881	-368846	-383028	-369598	-209470	-339858	-341319	-303144	-287531	-298740	-265843	-225338	-3214	-1401144	-1346939	-1301801	-1370526	-1350674	-1063494	-2435763	-9685494	-27617379	-27317676	-82338933	-249024849	-745478095	-2233283646	-6698201072	-20103757534	-60383864358	-60383781018	-181458938248	-545649954710	-1641759678878	-4942681343227	-14889181262797	-44877763834978	-135344368747751	-135344368637295	-408407853075515	-1233073654440467	-3724953830314164	-11258627143271512	-34046949111280053	-103013607103294935	-311838611665515642	-311838611665682409	-311838611665682868	-311838611665672819	-311838611665700245	-311838611665724336	-311838611665686579	-311838611665563132	-105811397459233983	-37717499236638666	-15200244950006349	-7750337289295236	-5284189980529638	-4467374274333660	-4196685537034254	1898856	-1309139646619977	7074846	8160705	4850541	10344276	9535500	64872	3377241	-406601516189439	10200753	7444971	6579801	-5610303	-101655	8749836	10238868	-125648473625739	7075260	8161173	4850433	10343412	9534627	64269	3376926	-38599304076369	116901	7909884	3509568	2659473	6708438	4972833	1898280	-11775126775860	2343780	3942657	9042318	5015772	4264110	-1485837	6192972	-3562122027060	-1066596988644	-315322025814	-91713226131	-26101466748	-7203120102	-1899062307	3258576	-470807073	3255282	3251349	3248748	3248388	3250386	3254130	3258081	-97403913	3254112	3248739	3244932	3244419	3247488	3252753	3257415	-13089672	3254112	3248901	3230937	33228954	29652849	-30302397	-47860038	93043755	-56706966	-39387870	-18347661	37300608	-179623980	302109507	-45928539	-135272268	-65057904	103962933	24370713	150884127	-55841562	149854131	-499468761
3222	-277053	-335181	-364491	-364776	-373148	-356572	-334315	-144025	-460977	-407397	-370921	-438155	-402543	-404842	-357736	-372499	-373175	-316951	-345459	-335959	-369496	-383450	-370513	-211132	-341640	-343342	-304803	-288705	-300667	-266791	-226411	-3230	-1407111	-1352871	-1308100	-1376859	-1356007	-1067574	-2448331	-9734640	-27755391	-27453428	-82746987	-250263578	-749183785	-2244392774	-6731534726	-20203841324	-60684593880	-60684512666	-182363014079	-548369569862	-1649945621447	-4967335228368	-14963475501540	-45101777740429	-136020204367091	-136020204255952	-410447944449925	-1239235298541165	-3743573750897600	-11314924613718211	-34217253264229475	-103529051963946265	-313399439508434731	-313399439508603871	-313399439508604335	-313399439508593768	-313399439508621357	-313399439508645916	-313399439508608142	-313399439508482814	-106341335580852927	-37906829052357882	-15276979824831540	-7789832322952728	-5311361725987269	-4490465837042268	-4218425428505787	1917630	-1315938249269487	7127478	8197281	4875579	10400175	9579753	61002	3401001	-408719128579884	10257975	7481133	6619563	-5632974	-95121	8792370	10294677	-126305036638461	7127721	8197569	4875390	10399275	9578781	60345	3400686	-38801786525433	116532	7946964	3533985	2673360	6738525	5006565	1917081	-11837181651174	2353509	3963888	9093771	5043780	4295727	-1501668	6234156	-3580998828084	-1072287734472	-317018753046	-92212149582	-26245535589	-7243694001	-1910089863	3273579	-473680017	3270123	3266073	3263445	3263229	3265344	3269106	3273003	-98064207	3268872	3263463	3259701	3259224	3262419	3267747	3272508	-13208085	3268854	3263562	3245769	33559245	29956563	-30567240	-48191706	93841092	-57102786	-39707739	-18533691	37517148	-181122075	304047189	-46455606	-136437129	-65607327	104388588	24184251	151233561	-56534031	150674661	-503034057
2859	-245558	-296806	-322325	-322516	-329837	-315342	-295335	-127743	-407678	-359918	-328127	-387444	-355944	-357736	-317628	-329624	-330404	-280493	-306454	-297337	-326354	-339111	-328473	-186731	-302009	-303088	-269096	-254536	-266007	-235412	-200892	-2984	-1244405	-1196165	-1157564	-1218115	-1199440	-944773	-2166912	-8610403	-24550545	-24284001	-73194904	-221371911	-662694385	-1985300121	-5954475995	-17871664088	-53679829886	-53679758646	-161313651679	-485075516544	-1459510663071	-4394027060343	-13236505085015	-39896618686540	-120322654841533	-120322654743927	-363081062125324	-1096227750642448	-3311577230365866	-10009251680311653	-30268891116010186	-91583027593615779	-277237731985159624	-277237731985309183	-277237731985309533	-277237731985300318	-277237731985324139	-277237731985346477	-277237731985312837	-277237731985202811	-94071676798202868	-33533894566150125	-13515391205448171	-6892236744642336	-4699781243460804	-3973619119170207	-3732973809660045	1697571	-1164531361649994	6289992	7245369	4306644	9184374	8460630	54738	3005973	-361704107280033	9054810	6602274	5846481	-4970844	-81819	7766982	9091188	-111779979490521	6290208	7245675	4306500	9183582	8459775	54180	3005712	-34340970856626	94392	7019487	3128184	2367036	5955435	4420251	1697121	-10476832135788	2085858	3499884	8033490	4456710	3794562	-1327365	5505282	-3169647988200	-949181406597	-280647990801	-81642407508	-23240829006	-6415854012	-1692384588	2891448	-419925933	2888325	2884689	2882520	2882304	2884077	2887452	2890836	-87056334	2887326	2882682	2879280	2878911	2881746	2886399	2890647	-11788461	2887272	2882520	2865708	29665539	26460684	-26982072	-42524595	82895886	-50395689	-35053587	-16318908	33166314	-159775335	268691661	-40949388	-120490983	-57834000	92266452	21410892	133568514	-49886037	133149906	-444300309
2992	-255949	-308974	-336048	-335105	-343516	-328203	-307234	-134415	-422401	-375151	-340407	-402578	-370293	-372499	-329624	-344598	-344891	-293214	-318014	-309176	-340102	-353876	-340691	-196600	-320004	-320611	-284409	-270649	-280872	-249672	-211829	-3041	-1318139	-1265509	-1223977	-1288118	-1270410	-1000033	-2289722	-9103347	-25957639	-25676394	-77394885	-234068959	-700705723	-2099155977	-6295923009	-18896376889	-56757377818	-56757299114	-170561071251	-512880046199	-1543161537788	-4645843132530	-13994998949875	-42182603777567	-127216219569896	-127216219467782	-383880893834016	-1159021648959508	-3501253352066840	-10582497929795264	-32002290781869083	-96827243318860418	-293111573283871435	-293111573284027438	-293111573284027383	-293111573284018312	-293111573284043614	-293111573284066815	-293111573284031665	-293111573283916068	-99457086646438686	-35452505082667914	-14287509222994521	-7285002518783466	-4966959220972254	-4199197433262594	-3944764994304123	1777203	-1230556452777828	6632505	7667109	4557132	9713457	8959860	57843	3164130	-382195483080669	9580671	6987636	6179193	-5269095	-104877	8216721	9615834	-118106805828861	6632712	7667352	4556979	9712692	8959032	57249	3163815	-36282611163177	103212	7433451	3289536	2496771	6299388	4663476	1776726	-11068436102031	2206026	3695850	8494290	4712031	3994659	-1394514	5809563	-3348354344967	-1002594637476	-296402842737	-86211246204	-24535918467	-6771204306	-1785235212	3059199	-442602000	3056319	3052584	3049983	3049632	3051369	3054888	3058533	-91582488	3055320	3050280	3046644	3045906	3048732	3053547	3058128	-12317247	3055230	3050325	3033099	31135797	27775944	-28408887	-44919387	87241158	-53193375	-36946287	-17191008	35036280	-168315408	283577841	-42926436	-126791568	-61020621	97842330	23124285	141969591	-52171857	140816475	-468655632
3024	-256848	-310240	-336721	-336101	-344586	-328455	-308547	-135718	-424153	-376282	-342708	-404476	-370593	-373175	-330404	-344891	-346460	-293284	-318877	-309914	-340853	-354235	-341571	-197472	-318037	-319480	-283821	-268970	-280913	-249486	-211632	-3110	-1313839	-1262519	-1221194	-1285132	-1266191	-997334	-2286393	-9088068	-25909773	-25629679	-77253703	-233645052	-699435564	-2095363409	-6284568783	-18862360600	-56655388043	-56655315401	-170255157213	-511961810990	-1540403684051	-4637555060759	-13970076013559	-42107613385543	-126990447573851	-126990447471868	-383200767480558	-1156971615123985	-3495070613327502	-10563840770459788	-31945959322193382	-96657069303091960	-292597212364772675	-292597212364931195	-292597212364931507	-292597212364921556	-292597212364946748	-292597212364970414	-292597212364935888	-292597212364819092	-99283073758877547	-35391155114457678	-14263473573455046	-7273332346721748	-4959389116583448	-4192987581580329	-3939006686614290	1793790	-1228786997671287	6635880	7659783	4542912	9697005	8939583	57141	3166461	-381655510584111	9565200	6972399	6173964	-5244831	-87588	8210214	9596610	-117943391130633	6636159	7660080	4542831	9696393	8938908	56700	3166245	-36233655301710	102420	7417026	3299499	2491713	6293322	4667022	1793367	-11053953963072	2201571	3701610	8479926	4711968	4010949	-1396800	5810724	-3344138800542	-1001393427231	-296070469677	-86123160459	-24514136802	-6766491771	-1784519541	3058182	-442637388	3054978	3051144	3048660	3048381	3050316	3053889	3057516	-91692774	3053862	3048822	3045204	3044691	3047679	3052620	3057165	-12375531	3053808	3048768	3031380	31204386	27831942	-28409319	-44835174	87275691	-53122203	-36946260	-17140464	34970967	-168185484	283251087	-42986943	-126880830	-60812370	97485525	22784814	141322320	-52225965	140610087	-468220824
2546	-218102	-263065	-286562	-284931	-292427	-280121	-261437	-114316	-358762	-319580	-287831	-341797	-315938	-316951	-280493	-293214	-293284	-250932	-270787	-262847	-289812	-302180	-290233	-167986	-275279	-274855	-244136	-233103	-240802	-214910	-182320	-2589	-1134944	-1088394	-1052535	-1107595	-1093980	-861477	-1967719	-7821636	-22306999	-22065889	-66516006	-201159185	-602190497	-1804014568	-5410700015	-16239444556	-48776826840	-48776755037	-146578303628	-440762036728	-1326167485726	-3992548060616	-12026994819944	-36250691648629	-109326155972376	-109326155885694	-329895801921171	-996025736229588	-3008855233330837	-9094204454043977	-27501499815842116	-83209266787908807	-251887105144998124	-251887105145129621	-251887105145129352	-251887105145122165	-251887105145143717	-251887105145163265	-251887105145133295	-251887105145035506	-85468571569426323	-30465571937715120	-12277163029556451	-6259452562829424	-4267401090461124	-3607609486583190	-3388957174791720	1508391	-1057151004498990	5662890	6593940	3910194	8334657	7699716	54468	2704041	-328329675707526	8217945	6000498	5297922	-4532139	-103914	7057755	8252370	-101458127173050	5663214	6594327	3910194	8334099	7699086	54045	2703825	-31167039860685	84654	6386922	2813814	2143044	5416488	3985434	1507977	-9507482751150	1898325	3167946	7287759	4043970	3409488	-1187865	4970160	-2876002399845	-861106348260	-254554323786	-74031876999	-21066825114	-5812728732	-1532082258	2626893	-379649880	2624769	2621610	2619369	2618919	2620323	2623176	2626380	-78470271	2623950	2619693	2616462	2615724	2617920	2622033	2625867	-10518705	2623941	2619756	2604771	26502417	23630967	-24208956	-38430396	74482578	-45499671	-31533759	-14606379	30081105	-143711253	242954883	-36440766	-108223533	-52082514	84212865	20288637	122536800	-44284806	120823893	-401029380
2762	-237039	-286787	-311607	-312006	-319036	-304886	-285809	-123215	-394393	-347976	-317167	-374641	-344278	-345459	-306454	-318014	-318877	-270787	-296424	-287475	-315742	-327871	-317545	-180199	-290252	-291713	-259067	-244983	-256080	-227069	-193476	-2879	-1198010	-1151990	-1114692	-1172907	-1154814	-909744	-2086958	-8292493	-23643293	-23386882	-70491269	-213195023	-638216237	-1911968679	-5734532784	-17211529162	-51697025415	-51696958143	-155355101090	-467157914867	-1405599488894	-4231720816571	-12747574952634	-38422913805480	-115878156141935	-115878156047783	-349669483311234	-1055734931229281	-3189252853416119	-9639525148223114	-29150802091074580	-88200076512267360	-266996931902232556	-266996931902377132	-266996931902377577	-266996931902368441	-266996931902391371	-266996931902413006	-266996931902380653	-266996931902274390	-90596778877962354	-32295174695782089	-13016124399259950	-6637618692356211	-4526148829997610	-3826809863336607	-3595053551219856	1637271	-1121505352087563	6059745	6981651	4145976	8845344	8149014	52686	2896119	-348339964468815	8722989	6359787	5632641	-4785336	-75393	7484796	8754975	-107649877782753	6060033	6982011	4145859	8844615	8148258	52200	2895894	-33072092670033	92502	6760683	3015873	2277855	5738202	4258557	1636794	-10089708205509	2007297	3373893	7738119	4294647	3659454	-1279278	5304528	-3052523855961	-914105938365	-270276529455	-78625065573	-22381809975	-6178681350	-1629809658	2786805	-404393373	2783673	2780208	2778084	2777913	2779641	2782935	2786184	-83832579	2782701	2778201	2774943	2774592	2777409	2781864	2785977	-11348622	2782674	2778102	2761920	28570923	25484454	-25979130	-40948983	79823664	-48530394	-33762042	-15705819	31928607	-153843543	258701283	-39451941	-116049267	-55636227	88800867	20583234	128628810	-48028383	128197890	-427828878
2716	-230250	-278871	-303051	-303672	-310502	-296255	-277981	-119658	-383912	-338669	-308566	-364583	-334881	-335959	-297337	-309176	-309914	-262847	-287475	-280150	-307490	-319052	-308377	-174942	-282158	-283876	-251977	-238161	-248799	-220381	-187121	-2737	-1162049	-1117799	-1081010	-1137776	-1119957	-881838	-2023754	-8046681	-22940430	-22691353	-68392508	-206851669	-619226049	-1855074742	-5563877871	-16699304506	-50158415036	-50158349857	-150731171449	-453252894127	-1363759506765	-4105750368484	-12368084582598	-37279022639652	-112428173524527	-112428173432314	-339258454132615	-1024300103552976	-3094287530339059	-9352479298604885	-28282711019283690	-85573424766620434	-259045265509987956	-259045265510128629	-259045265510129221	-259045265510120363	-259045265510142944	-259045265510163702	-259045265510132217	-259045265510028801	-87898415977004469	-31332993938406822	-12628035341122941	-6439460280375183	-4390860073366512	-3712343165063757	-3487486818178827	1594512	-1087937556851601	5900319	6773850	4030245	8597169	7916499	48807	2814840	-337909680220077	8479863	6181830	5473251	-4651245	-72045	7267446	8508492	-104425057323360	5900571	6774066	4030029	8596395	7915725	48312	2814588	-32080832509419	95634	6567660	2926314	2210904	5568642	4144797	1594026	-9787098393342	1945197	3279042	7516935	4171239	3559608	-1244439	5158449	-2960901839799	-886642708518	-262146635325	-76256359794	-21706101135	-5991581358	-1580228181	2706129	-392003145	2703096	2699757	2697642	2697426	2699163	2702340	2705598	-81216135	2702160	2697696	2694555	2694213	2696886	2701314	2705256	-10966275	2702142	2697732	2682504	27820512	24830775	-25322112	-39859398	77697009	-47244735	-32879412	-15346125	31013496	-149876001	251510832	-38503917	-112977504	-54263763	86231547	19846134	124788843	-46861335	124616799	-416201328
3003	-253237	-306751	-333853	-333953	-341974	-326233	-306171	-132020	-421823	-373371	-338518	-400692	-368846	-369496	-326354	-340102	-340853	-289812	-315742	-307490	-339298	-351613	-338947	-193092	-311541	-313310	-278297	-263813	-274736	-244646	-206721	-2982	-1286216	-1236386	-1195036	-1258048	-1239345	-975988	-2236916	-8895377	-25361008	-25086247	-75614238	-228687833	-684596489	-2050900506	-6151191119	-18461999188	-55452713755	-55452640905	-166640559385	-501091332441	-1507692476455	-4539062939845	-13673346351913	-41213130705914	-124292516967677	-124292516866879	-375058717628210	-1132386232718249	-3420793286018980	-10339314403172804	-31266903095787525	-94602282331591624	-286376418642860529	-286376418643015359	-286376418643015840	-286376418643006235	-286376418643031508	-286376418643053892	-286376418643019800	-286376418642905460	-97171853979960624	-34638047788353213	-13959418981925586	-7117832409811182	-4853059944481767	-4102942509184047	-3854357475428187	1753857	-1202359559392116	6506199	7499250	4451481	9503397	8759034	57267	3103488	-373439823882822	9375408	6837975	6049332	-5144976	-86328	8043003	9404892	-115401813186744	6506523	7499565	4451337	9502650	8758314	56745	3103191	-35451885089295	108441	7265844	3228624	2438838	6163047	4573890	1753362	-10815105007773	2150955	3627990	8308449	4613238	3928599	-1367856	5694111	-3271751722872	-979669930671	-289630081620	-84243080124	-23976428526	-6617058228	-1744701138	2995029	-432598779	2991942	2988306	2985858	2985624	2987550	2990988	2994651	-89528337	2990790	2985759	2982303	2981871	2984760	2989674	2993967	-12039975	2990754	2985975	2969397	30583359	27293976	-27863892	-43977141	85579227	-52111161	-36225171	-16860231	34268103	-165240000	277582140	-42330114	-124504533	-59764473	95409900	22183146	138369789	-51440103	137674890	-459134973
