-36	1218	1450	2160	1964	1573	1692	1046	1851	1910	1855	1853	1500	1605	1353	1939	1726	2055	2229	2074	1481	1517	1369	33	-1084	488	-1640	-242	1957	1813	1960	2036	587	1741	4981	11365	20382	19359	40012	79915	164668	344943	742114	1691733	1691416	4203750	11731751	36755735	126647463	465894628	1782209320	1782209099	1782209077	1782209449	1782209314	1316314228	1189666778	1152911876	1141179584	1136975902	1135284598	1134542626	1133912418	4535697240	18143035638	18142870970	-16080	-17256	7456	6736	-5264	72571471304	0	-16080	-17256	7456	7336	-273504	18142777968	1464	-12472	-3968	5760	-1176	-14528	4535646408	-736	-2736	3168	-1408	-7448	-2680	1133890472	283456840	70866384	17701960	4423272	1116048	-17560	279864	-12128	-12088	-12072	-12088	-12112	-12152	66288	-12128	-101632	-12056	-12064	-194736	-11912	-52440	-428880	-515632	140448	84096	-54144	-602048	362112	140352	293760	-75456	196928	480960	-18560	286848
1218	-64006	-76971	-112248	-104162	-81765	-88822	-55900	-96192	-101459	-95331	-95261	-78048	-85781	-72353	-100484	-90655	-105649	-116304	-107502	-77661	-77826	-77323	-1604	60036	-17533	100548	43087	-45745	21162	14901	7777	87658	144815	205273	348041	805476	864152	1661159	3331128	6406559	11994943	21326065	32046734	32061483	22299810	-124652047	-925664310	-4554384876	-19922507899	-83098226813	-83098216991	-83098213324	-83098231614	-83098222284	-63175692042	-58621308436	-57695690244	-57571009540	-57593315254	-57625381500	-57646716090	-57670068602	-230679051046	-922706527458	-922712934062	848904	895760	-364416	-353744	290608	-3690851090360	40	848952	895656	-364608	-587776	13308696	-922715595888	-64208	645600	212472	-307576	67160	736496	-230680111816	28792	155440	-134720	67232	404560	121800	-57670803288	-14417812352	-3605026920	-900728688	-225166272	-56872808	919000	-14293000	605912	603712	602568	603464	604192	606080	-3430440	605600	5015200	601776	601616	9346544	594816	3047680	21520880	26622224	-7080288	-3405920	3128288	30620736	-18817536	-7482624	-15570496	3380960	-10430272	-24240512	1125824	-15429824
1450	-76971	-93384	-135770	-125988	-98616	-107401	-66444	-116653	-122655	-115479	-115350	-94315	-103142	-86810	-121515	-109251	-128075	-140970	-130423	-93698	-94134	-92574	-1879	72229	-22205	119422	48243	-62403	11253	3669	-4579	91120	145331	190181	305422	742537	813282	1545583	3101859	5895816	10804997	18394826	23991848	24010142	-2465185	-209252830	-1235068830	-5733595562	-24523020302	-101267603655	-101267592215	-101267587978	-101267609786	-101267598522	-76744551222	-71010957004	-69775944248	-69566657010	-69564198616	-69588214458	-69606619438	-69627918140	-278510646338	-1114033667434	-1114039563278	1023672	1082792	-440784	-423712	351112	-4456157472408	128	1023768	1082656	-441008	-675072	16211712	-1114041856672	-78440	781576	257592	-366776	80888	890792	-278511472616	37656	186904	-167000	83968	488536	153304	-69628570624	-17407166056	-4352426808	-1087439224	-271828856	-68651456	1108400	-17249256	737344	734728	733368	734376	735296	737568	-4132352	736968	6100472	732400	732248	11397968	724368	3633176	26100672	32160304	-8587136	-4269600	3712640	37066112	-22707296	-8989984	-18746656	4181184	-12556288	-29408192	1348032	-18560448
2160	-112248	-135770	-199136	-183406	-144250	-155947	-96130	-170647	-178176	-169079	-168772	-137136	-148845	-124841	-177560	-159405	-187656	-206849	-190304	-136000	-137637	-132174	-2772	103736	-35417	167835	58512	-112791	-28887	-40056	-50846	86369	120130	96631	79592	355484	456287	794874	1603964	2762054	4092453	3491618	-11691700	-11664061	-97048215	-492499546	-2177709076	-9122453379	-37316486231	-150917852053	-150917834753	-150917829386	-150917862075	-150917846366	-113601320422	-104478868188	-102301239464	-101808689910	-101711650772	-101699995424	-101703501288	-101712685646	-406850683124	-1627398502824	-1627401264970	1483488	1577072	-649840	-612912	507040	-6509603919880	88	1483560	1576832	-650192	-894560	23969544	-1627401686976	-120152	1140800	376400	-530328	113232	1302344	-406850446280	61320	267344	-254016	123856	705584	229736	-101712903720	-25427898552	-6357719488	-1588368368	-397007040	-100241328	1609088	-25174760	1083640	1079872	1078104	1079808	1081312	1084568	-6012984	1083048	8981440	1076696	1076792	16902816	1064848	5148648	38300096	46852784	-12592224	-6638432	5237440	54178976	-33048704	-13030976	-27169760	6312736	-18213888	-43107136	1904960	-26781696
1964	-104162	-125988	-183406	-170924	-133288	-145153	-90430	-157996	-166384	-155952	-155910	-127869	-139882	-118014	-163873	-147581	-172792	-190437	-176569	-126889	-127220	-126032	-2621	97763	-29662	162455	66870	-81952	19303	9349	-2097	127733	206580	276906	452611	1083314	1179341	2246817	4509871	8601984	15864243	27364574	37355804	37379729	6229193	-264880039	-1638117232	-7705851184	-33132812992	-137147579026	-137147563475	-137147557419	-137147586771	-137147571594	-104014722300	-96308873238	-94670831464	-94405905050	-94412143808	-94449531072	-94476909530	-94508064742	-378030715550	-1512109856008	-1512118458044	1383408	1462448	-594680	-574968	473896	-6048472778504	144	1383560	1462280	-594992	-943848	21831768	-1512121876624	-106712	1053376	345320	-499760	108848	1203632	-378031989528	46880	253240	-226432	111168	658672	204792	-94509027928	-23627327368	-5907710728	-1476034896	-368971952	-93186240	1499232	-23415280	992656	989096	987264	988696	989824	992880	-5614720	992216	8221200	985992	985744	15340152	974464	4953280	35226160	43514048	-11582528	-5640896	5096320	50133376	-30701152	-12151840	-25378848	5599008	-16970112	-39646208	1841792	-25138496
1573	-81765	-98616	-144250	-133288	-105308	-113823	-70599	-123714	-129496	-123087	-122647	-99942	-109064	-91457	-129102	-116201	-136446	-149725	-138249	-99343	-100006	-97314	-2021	76060	-24750	124486	46668	-74336	-4583	-12780	-21234	79765	120185	134270	186898	516181	590039	1095738	2200684	4075323	7105627	10792333	7980481	8000119	-37688647	-292680943	-1453859983	-6378845274	-26644510959	-108834860078	-108834847478	-108834843225	-108834866840	-108834855290	-82190315536	-75811471462	-74357670136	-74064952608	-74027271020	-74035277398	-74046080352	-74060506464	-296241476442	-1184959722092	-1184963797538	1085824	1150352	-471232	-449040	371560	-4739854358400	-32	1085808	1150128	-471544	-678272	17369152	-1184965136192	-83576	830904	274048	-386744	84792	948520	-296241812688	42448	197960	-180088	92176	517056	165512	-74060925632	-18515118648	-4629385816	-1156604392	-289102376	-73003840	1177496	-18338088	787824	785064	783704	784864	785904	788296	-4385440	787416	6523296	782664	782608	12236368	774032	3800104	27842464	34172928	-9148736	-4691808	3880128	39449504	-24125472	-9531328	-19863648	4516896	-13323456	-31381760	1398208	-19622272
1692	-88822	-107401	-155947	-145153	-113823	-124394	-77410	-133900	-141489	-132907	-132637	-108956	-119893	-101199	-140081	-126151	-147270	-161601	-150135	-108492	-108398	-108302	-2179	84197	-23975	141316	62096	-59989	38161	29435	19088	130943	218300	318752	552677	1255850	1338443	2584272	5180365	10003654	18865398	34021185	53274985	53295518	48360527	-138920009	-1219476777	-6202125904	-27458958147	-115134105581	-115134092428	-115134087138	-115134112135	-115134098846	-87675109646	-81472985804	-80253574078	-80114614210	-80162983000	-80216284980	-80250318154	-80286893266	-321145601674	-1284567304262	-1284577308016	1187480	1251320	-505032	-492304	408400	-5138308330408	24	1187520	1251104	-505344	-822688	18551536	-1284581554952	-86208	902136	297280	-425488	96080	1026688	-321147345096	40368	219264	-185952	97600	568280	173152	-80288048880	-20072235464	-5018891312	-1254000864	-313485488	-79184584	1285072	-19902136	847320	844256	842584	843656	844640	847312	-4777024	846968	7000704	841504	841192	13020112	832136	4267824	30012640	37152320	-9873024	-4713248	4377568	42719872	-26259296	-10429664	-21735680	4705120	-14557632	-33860672	1578496	-21574528
1046	-55900	-66444	-96130	-90430	-70599	-77410	-52282	-82518	-88847	-81118	-81845	-68011	-77223	-65836	-86619	-78857	-89710	-98486	-91965	-68320	-66898	-71841	-1503	54220	-10017	98180	57725	-2658	93823	88706	80251	153649	280700	482798	913006	1918487	1971684	3883798	7777054	15326226	29929548	57536111	105810372	105820736	175201225	203021217	-182652129	-2717554800	-14844533712	-67323394010	-67323384635	-67323380247	-67323396181	-67323387344	-52478834902	-49761282464	-49578669890	-49781665734	-49956873960	-50062698754	-50120242962	-50177120214	-200705016416	-802796982132	-802812308364	747752	775672	-306984	-321152	255800	-3211248677872	32	747784	775672	-307040	-686456	10897624	-802819509392	-49728	552448	180496	-284040	61960	633064	-200708351176	10960	142200	-98072	49600	356584	85216	-50178992712	-12545442576	-3137164112	-783984400	-196047304	-49556008	807448	-12474168	503488	501336	500032	500776	501168	502944	-3030456	503280	4164152	499424	498856	7569088	492696	2908584	18181200	23142224	-5986944	-2169280	3056032	26280320	-16426752	-6664736	-13804832	2496768	-9222976	-20479296	1074944	-13844096
1851	-96192	-116653	-170647	-157996	-123714	-133900	-82518	-147460	-153596	-145509	-145499	-118332	-128042	-107243	-152084	-136560	-161313	-177463	-164057	-116957	-118229	-113911	-2423	88932	-30929	143638	48832	-100055	-31760	-41346	-50715	67103	89657	56783	16150	201174	287864	472942	959491	1534877	1834708	-380445	-16875756	-16852923	-97329515	-452191548	-1933767052	-7981834388	-32423902107	-130687665055	-130687650258	-130687645418	-130687672998	-130687659618	-98263723840	-90281890858	-88348192166	-87895958030	-87798636778	-87781791098	-87781422958	-87786165148	-351144813730	-1404576880000	-1404578414950	1273144	1353456	-557360	-526512	434400	-5618312681896	112	1273240	1353208	-557664	-774608	20612224	-1404578361024	-104664	976736	319968	-455248	96672	1119832	-351144404568	49888	229704	-222528	107296	603840	200160	-87786246696	-21946229880	-5487170880	-1370866496	-342639288	-86508384	1382144	-21723592	931008	927760	926200	927664	928824	931616	-5188048	930576	7726904	925016	925008	14535032	914432	4431152	32927360	40299184	-10816672	-5681376	4533888	46641792	-28379552	-11145120	-23324416	5440800	-15606912	-37032832	1643072	-23008000
1910	-101459	-122655	-178176	-166384	-129496	-141489	-88847	-153596	-162570	-151226	-151558	-124649	-136974	-115827	-159425	-143704	-167631	-184718	-171599	-123784	-123741	-124130	-2567	95970	-27282	161575	71454	-68304	42516	32787	21089	148668	249531	364962	632487	1436828	1531332	2953125	5923156	11437989	21568034	38888138	60859935	60882657	55066165	-159772116	-1398107818	-7106614882	-31457122777	-131886809660	-131886794451	-131886788212	-131886816733	-131886801638	-100429643720	-93323031256	-91924997124	-91765179710	-91820255660	-91881145566	-91920047420	-91961862606	-367845193798	-1471363505786	-1471374943826	1350536	1423728	-576240	-563472	462808	-5885498751544	152	1350672	1423568	-576520	-970944	21063432	-1471379806888	-102888	1024264	335096	-491680	107416	1169688	-367847191080	41656	247872	-214864	104904	643688	193592	-91963186536	-22991054104	-5748715328	-1436356536	-359073920	-90699496	1461648	-22796704	960080	956560	954640	955976	957024	960040	-5477480	959648	7949160	953400	953032	14771528	942080	4901416	34153520	42373408	-11240096	-5273536	5051936	48714336	-29921600	-11885280	-24800864	5328480	-16575808	-38446528	1824320	-24619904
1855	-95331	-115479	-169079	-155952	-123087	-132907	-81118	-145509	-151226	-145108	-144206	-117003	-126639	-105654	-151035	-135825	-160639	-176008	-162470	-115857	-117122	-111942	-2357	87989	-31150	141001	45894	-102586	-37460	-47206	-56197	60234	74477	27309	-41874	84315	169703	241493	492669	605790	-6829	-4015204	-23945931	-23922449	-110694638	-475802522	-1968537057	-8001642007	-32264646663	-129573850191	-129573835749	-129573831230	-129573858612	-129573845566	-97309165122	-89307524298	-87339055458	-86863210502	-86752523604	-86728608406	-86724605320	-86725879858	-346903899898	-1387614623616	-1387615229548	1265352	1345256	-554536	-519488	432496	-5550459943432	-8	1265352	1344944	-554944	-722024	20583392	-1387614712160	-99856	973296	320992	-444288	97632	1112792	-346903265600	54584	228952	-219112	112824	601448	203136	-86725844648	-21681074360	-5420846776	-1354279032	-338485568	-85456312	1373616	-21457152	930680	927520	926024	927432	928672	931440	-5115952	930280	7711280	924856	924920	14536088	914712	4337680	32766416	39965344	-10757728	-5792992	4414176	46285280	-28174496	-11059456	-23103840	5459680	-15502720	-36930432	1595456	-22766912
1853	-95261	-115350	-168772	-155910	-122647	-132637	-81845	-145499	-151558	-144206	-144192	-116933	-126846	-106044	-150670	-135402	-159821	-175357	-162033	-115784	-116907	-112660	-2395	88191	-30270	142807	49487	-96251	-25118	-34808	-44212	72632	100121	78480	60240	287922	373566	647771	1306940	2233580	3246782	2490580	-10944462	-10921666	-84716715	-423924725	-1865053357	-7795687769	-31856635134	-128773111294	-128773096495	-128773091800	-128773119307	-128773106088	-96916437514	-89120751188	-87255765380	-86831798306	-86747089712	-86736175372	-86738678074	-86746054198	-346984193408	-1387933349382	-1387935583080	1262896	1340888	-551160	-521432	431320	-5551741362480	40	1262904	1340600	-551504	-762584	20399696	-1387935884880	-101248	968160	318416	-448712	96840	1109088	-346983964136	50768	228704	-216952	108760	599984	198216	-86746224544	-21686270184	-5422196224	-1354643032	-338588048	-85488104	1370432	-21468368	922848	919632	918056	919480	920664	923448	-5127112	922424	7652160	916880	916864	14384400	906488	4385512	32590304	39886864	-10705312	-5620864	4479360	46137760	-28116448	-11054944	-23104704	5367616	-15481472	-36701376	1619200	-22804544
1500	-78048	-94315	-137136	-127869	-99942	-108956	-68011	-118332	-124649	-117003	-116933	-96118	-105121	-88680	-122841	-110686	-129549	-142249	-132292	-95270	-95391	-94803	-1969	73467	-22071	122348	50897	-59966	17940	10246	1532	99241	161237	219961	364176	862004	934151	1785026	3581785	6849673	12693330	22111036	31182152	31199764	10964387	-186223847	-1204298502	-5733120121	-24766282410	-102730789911	-102730778159	-102730773586	-102730795480	-102730784084	-77964474556	-72231356268	-71027114204	-70840855562	-70851827366	-70883032706	-70905154226	-70930012970	-283718797480	-1134864835960	-1134871685702	1040040	1097832	-446096	-432360	355824	-4539485951776	56	1040104	1097648	-446352	-712272	16375536	-1134874448376	-79208	790464	258344	-374840	82496	903704	-283719850600	34320	190456	-169032	84408	495064	153696	-70930785776	-17732773080	-4433864992	-1107801912	-276925448	-69940808	1126592	-17574736	745080	742400	740968	741984	742816	745144	-4214928	744792	6171648	740024	739776	11504360	731352	3726600	26436816	32673920	-8691840	-4210112	3837472	37631744	-23057760	-9124640	-19061024	4188128	-12748480	-29776192	1379456	-18898240
1605	-85781	-103142	-148845	-139882	-109064	-119893	-77223	-128042	-136974	-126639	-126846	-105121	-117938	-99988	-134088	-121654	-139994	-153647	-143496	-105066	-103596	-108382	-2172	82895	-18224	145606	78037	-23843	105499	97481	85626	196768	351246	584130	1089545	2320582	2402380	4714588	9442164	18536371	35964966	68363030	122514484	122532289	189103984	151827607	-600728409	-4815333535	-24087299383	-105996891934	-105996879066	-105996872796	-105996896538	-105996883086	-81909554304	-77094223876	-76493558358	-76645347196	-76834460626	-76956998862	-77025374168	-77093972302	-308371800560	-1233459272070	-1233477808490	1151744	1202000	-477264	-484512	396600	-4933910370968	80	1151816	1201888	-477472	-945104	17249416	-1233486357440	-76664	861320	283256	-422856	96328	981080	-308375680960	26952	217432	-161320	86272	551768	148584	-77096210696	-19274814888	-4819782376	-1204390384	-301143096	-76103360	1244056	-19146248	795112	791984	790120	791128	791816	794472	-4627648	794856	6560752	789168	788480	12031816	779624	4335960	28403776	35734864	-9351328	-3835392	4501888	40783520	-25326368	-10182976	-21154880	4133024	-14152704	-32052736	1605440	-21138304
1353	-72353	-86810	-124841	-118014	-91457	-101199	-65836	-107243	-115827	-105654	-106044	-88680	-99988	-85686	-112635	-102207	-116834	-128568	-120502	-88823	-87080	-92994	-1848	70704	-13559	126399	72935	-7313	114959	108401	97741	192675	349784	598207	1132063	2380908	2451215	4824605	9662317	19029704	37121206	71236694	130491223	130505616	213861590	237015860	-287747535	-3619372215	-19414892090	-87530152360	-87530141638	-87530135943	-87530155690	-87530143950	-68115227218	-64495857972	-64208164156	-64445147330	-64659017214	-64789527694	-64860775008	-64931360634	-259721156860	-1038855963772	-1038874993492	973168	1011656	-398000	-412184	335480	-4155499250272	88	973272	1011632	-398152	-860680	14283512	-1038883907064	-62856	723432	236544	-362456	83160	822704	-259725270128	17552	184704	-130328	68368	467056	118616	-64933676536	-16234272536	-4059584032	-1014480928	-253682128	-64123512	1049696	-16139616	661328	658664	657016	657744	658280	660544	-3914096	661128	5453576	656192	655488	9928640	647968	3747872	23731520	30092208	-7821632	-2951232	3914048	34230624	-21340928	-8621792	-17910144	3335392	-11956736	-26770368	1392192	-17955712
1939	-100484	-121515	-177560	-163873	-129102	-140081	-86619	-152084	-159425	-151035	-150670	-122841	-134088	-112635	-159174	-142765	-167633	-184174	-170115	-122128	-123160	-119666	-2438	93753	-30214	153557	58295	-89920	-2280	-12350	-22746	101461	154495	178717	257392	688953	780192	1456165	2924404	5448253	9612588	15028926	13359645	13384107	-39124540	-344949177	-1755807178	-7771703005	-32586574532	-133343963990	-133343948600	-133343943494	-133343972567	-133343958126	-100757348046	-92985646444	-91229911880	-90884917736	-90845801658	-90859193516	-90874235412	-90893613676	-363573669900	-1454286419394	-1454291867730	1335304	1415280	-579088	-551928	457584	-5817166448592	48	1335376	1415056	-579400	-836344	21346344	-1454293732680	-103728	1023304	338072	-476448	104224	1165848	-363574191496	52968	242568	-221168	111888	637208	202816	-90894182432	-22723435064	-5681618608	-1419498248	-354817824	-89601808	1446936	-22508568	968536	965120	963416	964800	966120	969080	-5383664	968032	8015968	962160	962120	15031552	951912	4677272	34229280	42005936	-11257216	-5780416	4759648	48484192	-29658912	-11726080	-24429504	5559040	-16381248	-38576064	1726336	-24137280
1726	-90655	-109251	-159405	-147581	-116201	-126151	-78857	-136560	-143704	-135825	-135402	-110686	-121654	-102207	-142765	-129202	-150409	-165372	-152635	-110070	-110425	-109187	-2250	85123	-25063	141965	59964	-66370	27580	18471	8594	121735	199189	278683	468727	1092893	1175971	2258774	4528122	8694344	16231646	28694540	42387638	42409022	25654276	-188127189	-1333087494	-6490145019	-28278353772	-117746564799	-117746551064	-117746546013	-117746571949	-117746558828	-89468173136	-82978029892	-81645008024	-81456840066	-81482502546	-81524918320	-81553624886	-81585279548	-326339481836	-1305344792820	-1305353487284	1206112	1272600	-518560	-500344	413272	-5221413030312	16	1206080	1272376	-518912	-809080	18963200	-1305357063352	-89920	918920	303496	-432928	96000	1046288	-326340887752	43544	220440	-190360	98032	575528	174848	-81586271840	-20396701760	-5099976704	-1274238776	-318533728	-80455168	1304824	-20218696	863616	860496	858872	860160	861200	863888	-4848368	863208	7142728	857824	857616	13327456	848112	4293352	30602240	37773520	-10070592	-4930368	4384320	43457472	-26722592	-10627712	-22083712	4834528	-14820416	-34515840	1578304	-21872768
2055	-105649	-128075	-187656	-172792	-136446	-147270	-89710	-161313	-167631	-160639	-159821	-129549	-139994	-116834	-167633	-150409	-178202	-195282	-180107	-128350	-130026	-123584	-2600	97350	-35151	155202	48694	-118076	-50315	-61197	-70862	57723	64816	-4457	-116622	-46480	47847	-13257	-15320	-450956	-2251984	-8941932	-35534678	-35508283	-140726878	-563648459	-2255307316	-9019203042	-36076289288	-144303335594	-144303319449	-144303314644	-144303345232	-144303330768	-108227003998	-99207801988	-96952570256	-96388874734	-96248156226	-96212656112	-96203727442	-96200931636	-384804424148	-1539218301978	-1539217851162	1401144	1491568	-616176	-574936	478552	-6156870324280	8	1401168	1491232	-616592	-784416	22887800	-1539216716232	-112784	1079888	356160	-492320	107216	1234384	-384803443464	61888	252312	-245352	124384	665896	226656	-96200750632	-24049689952	-6013029232	-1502205648	-375450576	-94784448	1520904	-23797096	1033600	1030096	1028456	1030016	1031464	1034520	-5670744	1033080	8566864	1027104	1027248	16169600	1016008	4782552	36382336	44307904	-11948864	-6512288	4855680	51349888	-31227776	-12247968	-25588768	6103200	-17169280	-40993152	1762624	-25196544
2229	-116304	-140970	-206849	-190437	-149725	-161601	-98486	-177463	-184718	-176008	-175357	-142249	-153647	-128568	-184174	-165372	-195282	-215506	-197928	-140776	-142904	-135789	-2862	106935	-38266	170746	54580	-128054	-52792	-64404	-74861	66206	77999	8641	-100826	2627	106593	91037	196582	-67626	-1616889	-8099683	-35557742	-35528461	-147500077	-604450228	-2445846642	-9835670296	-39451081879	-158020194923	-158020177427	-158020172125	-158020205825	-158020189832	-118569066574	-108733397166	-106287634086	-105683132188	-105535641000	-105500121488	-105492036444	-105490568820	-421962935164	-1687851763002	-1687851695476	1534784	1635456	-676760	-631240	524392	-6751405598536	120	1534880	1635184	-677168	-878408	25042456	-1687850665344	-126632	1184656	390784	-544864	116264	1352392	-421961965024	67064	274800	-269632	130736	729304	244416	-105490424744	-26372087960	-6593702544	-1647279408	-411712624	-103942904	1665416	-26098408	1129872	1126064	1124328	1126136	1127720	1131032	-6223016	1129264	9368192	1122872	1123072	17683896	1110576	5264688	39858704	48580128	-13102336	-7103616	5339552	56278016	-34241696	-13457120	-28088928	6673056	-18833664	-44854400	1948352	-27640576
2074	-107502	-130423	-190304	-176569	-138249	-150135	-91965	-164057	-171599	-162470	-162033	-132292	-143496	-120502	-170115	-152635	-180107	-197928	-183638	-131004	-132129	-127893	-2665	100016	-33753	162118	57459	-106309	-23379	-33991	-44781	87596	124243	110442	114239	415379	513208	912306	1839341	3248679	5115887	5710630	-6568133	-6542295	-84097809	-455629532	-2060117627	-8711982374	-35794209714	-145067900520	-145067884518	-145067878970	-145067909455	-145067894240	-109273646662	-100561665956	-98501626076	-98045948770	-97961860032	-97955325696	-97961050238	-97972098558	-391888188898	-1567547796416	-1567551045180	1428344	1516584	-621416	-588704	488792	-6270203085248	96	1428472	1516336	-621792	-874912	23013584	-1567551749888	-113168	1095424	359768	-507376	110672	1252048	-391888108616	56400	259080	-245168	122104	679544	224584	-97972380840	-24492819632	-6123938168	-1529970992	-382416600	-96558272	1549896	-24250528	1042320	1038728	1036960	1038432	1039744	1042872	-5793480	1041872	8636640	1035616	1035584	16220272	1024048	4980800	36805472	45091472	-12092320	-6294752	5091648	52148992	-31772032	-12489152	-26131744	6052736	-17491456	-41440768	1848704	-25803968
1481	-77661	-93698	-136000	-126889	-99343	-108492	-68320	-116957	-123784	-115857	-115784	-95270	-105066	-88823	-122128	-110070	-128350	-140776	-131004	-95000	-94612	-95254	-1949	73647	-20608	124380	55780	-49973	37892	30410	21103	119243	200942	298480	522478	1176806	1249056	2416330	4843570	9373846	17746004	32237775	51519443	51536846	51989424	-102731374	-1031476813	-5364028736	-23934062544	-100689722923	-100689711123	-100689706291	-100689728217	-100689716608	-76755627118	-71391600322	-70360179938	-70257413712	-70309410736	-70360953234	-70393201536	-70427529776	-281708240848	-1126818814896	-1126828188810	1037992	1092528	-440400	-432456	356200	-4507311968472	32	1038048	1092376	-440632	-742432	16138728	-1126832217696	-74952	785640	258128	-374480	83896	897024	-281709921088	32728	192832	-161640	84184	495536	149424	-70428620776	-17607387904	-4402594376	-1100027576	-274998480	-69463664	1124224	-17460096	737376	734656	733168	734128	734952	737312	-4195016	737048	6096728	732200	731888	11319224	723728	3761952	26172656	32489888	-8603872	-4011808	3884032	37334464	-22955328	-9120992	-19022624	4061568	-12728832	-29505408	1393920	-18899520
1517	-77826	-94134	-137637	-127220	-100006	-108398	-66898	-118229	-123741	-117122	-116907	-95391	-103596	-87080	-123160	-110425	-130026	-142904	-132129	-94612	-95660	-92284	-1927	72231	-24448	117144	41398	-77175	-17535	-25387	-33053	62631	88592	77268	76166	288378	358730	634976	1280620	2250784	3504234	3742344	-5511948	-5493090	-62288222	-332232686	-1494455202	-6306207600	-25883966996	-104853076958	-104853064952	-104853061128	-104853083572	-104853072618	-78969078122	-72662871556	-71168472312	-70836204938	-70773923228	-70768436076	-70772188394	-70779810484	-283119119356	-1132473039014	-1132475289848	1032136	1096296	-451192	-426968	352176	-4529900367624	72	1032208	1096136	-451416	-632536	16640096	-1132475749904	-83632	792224	260016	-369480	79176	905400	-283119036432	40784	185800	-176984	85768	490584	159552	-70780003808	-17694794280	-4424226888	-1105323176	-276274512	-69758840	1119408	-17519808	752464	749848	748568	749648	750680	752952	-4186168	752080	6239968	747568	747584	11729360	739304	3596776	26615696	32592624	-8750784	-4573184	3667552	37683424	-22979776	-9052288	-18900224	4375488	-12658688	-29956352	1330048	-18650240
1369	-77323	-92574	-132174	-126032	-97314	-108302	-71841	-113911	-124130	-111942	-112660	-94803	-108382	-92994	-119666	-109187	-123584	-135789	-127893	-95254	-92284	-102526	-1985	77041	-10654	142548	92452	19451	178533	171782	158773	262683	486706	861800	1658292	3437439	3514474	6946106	13906966	27496078	53985144	104772301	196787842	196801620	343466486	484203560	158804149	-2917017278	-18772557952	-89293335935	-89293324605	-89293317443	-89293338115	-89293324810	-70520741204	-67603728008	-67762589748	-68246758206	-68590234866	-68787041362	-68891825604	-68994101154	-275970059268	-1103838840850	-1103866336960	1046056	1078192	-415120	-445656	363160	-4415464578888	72	1046152	1078144	-415288	-1030416	14784824	-1103879449144	-60792	767480	251728	-393280	92176	871608	-275976226984	10872	203552	-124864	70208	504464	115864	-68997477600	-17250723680	-4313987208	-1078165536	-269655432	-68190000	1125880	-17177784	692080	689080	687120	687872	688168	690648	-4189544	691864	5689928	686272	685176	10212096	677376	4172216	24951120	32077760	-8228512	-2620192	4383936	36258656	-22798528	-9292736	-19278368	3264192	-12859264	-28185152	1555200	-19448128
33	-1604	-1879	-2772	-2621	-2021	-2179	-1503	-2423	-2567	-2357	-2395	-1969	-2172	-1848	-2438	-2250	-2600	-2862	-2665	-1949	-1927	-1985	-60	1483	-428	2548	1125	-1080	533	375	204	2204	3772	5448	9131	21184	22627	43344	87076	167530	313958	558435	840013	840276	588730	-3239285	-24129516	-118802263	-519814010	-2168421915	-2168421615	-2168421511	-2168421974	-2168421778	-1648607246	-1529805060	-1505676552	-1502436558	-1503025486	-1503865878	-1504424524	-1505035414	-6020109236	-24080183730	-24080351260	20880	21864	-9120	-9136	6800	-96321389312	0	20880	21864	-9120	-18088	321024	-24080421976	-1912	15416	4736	-8176	1512	18392	-6020137840	176	3680	-3560	1264	9520	2672	-1505055160	-376266952	-94081344	-23507376	-5876672	-1484056	22712	-372936	14440	14384	14352	14384	14392	14440	-90096	14440	121944	14336	14328	224768	14008	79432	527520	665232	-172960	-70816	86752	763360	-467968	-185088	-389696	78080	-258240	-588096	29504	-388160
-1084	60036	72229	103736	97763	76060	84197	54220	88932	95970	87989	88191	73467	82895	70704	93753	85123	97350	106935	100016	73647	72231	77041	1483	-58996	10896	-105486	-61788	3136	-102229	-96648	-87791	-166561	-302536	-520831	-989004	-2074037	-2132550	-4202556	-8414507	-16584864	-32394802	-62310946	-114743096	-114755456	-190644370	-224084310	179755640	2868486020	15773326944	71688419563	71688410920	71688406181	71688422628	71688412666	55915065260	53046581614	52866870934	53090927962	53281579140	53396338644	53458658402	53520211826	214077093824	856283397974	856299982906	-809744	-841144	328984	340104	-280920	3425199329512	-16	-809760	-841032	329192	703152	-11868920	856307774824	50368	-603192	-199144	297240	-70096	-682344	214080703264	-17040	-154176	105456	-59304	-390904	-100136	53522230648	13381315792	3346195512	836216024	209110176	52861736	-871912	13306688	-551320	-549104	-547720	-548320	-548760	-550624	3226192	-551104	-4534000	-547032	-546432	-8247896	-540576	-3101920	-19702240	-24951760	6498912	2483296	-3214208	-28366496	17720576	7168736	14868480	-2772096	9945792	22279040	-1150336	14912768
488	-17533	-22205	-35417	-29662	-24750	-23975	-10017	-30929	-27282	-31150	-30270	-22071	-18224	-13559	-30214	-25063	-35151	-38266	-33753	-20608	-24448	-10654	-428	10896	-19976	-282	-43931	-118362	-210033	-212674	-209243	-196307	-397866	-805409	-1641194	-3236525	-3227711	-6474998	-12950582	-25964254	-52147049	-105114634	-213462882	-213454542	-439906830	-932628169	-2077092191	-5002112131	-13398914542	-40381397987	-40381394563	-40381396760	-40381403151	-40381403218	-26982481210	-21980366556	-19903284394	-18970649284	-18530740714	-18317288398	-18212174056	-18114636182	-72465038356	-289899178242	-289873214022	213592	259736	-134752	-76616	65848	-1159492659048	-8	213624	259568	-134840	250776	5568104	-289860057400	-41384	196208	62056	-57696	4360	235600	-72458469560	35936	24976	-95792	36760	92208	82872	-18111342712	-4526153512	-1130839144	-282124760	-70341240	-17649120	242936	-4377472	227560	227360	227752	228288	229168	229488	-959960	227344	1946232	227320	228392	4137408	225648	231168	7590960	7808128	-2452288	-2924288	151104	9908064	-5266048	-1709856	-3794368	2095488	-2560064	-8409088	77760	-3335040
-1640	100548	119422	167835	162455	124486	141316	98180	143638	161575	141001	142807	122348	145606	126399	153557	141965	155202	170746	162118	124380	117144	142548	2548	-105486	-282	-211296	-172211	-124474	-435249	-427158	-405304	-548567	-1043070	-1928677	-3784244	-7710906	-7817623	-15530738	-31081692	-61744438	-122178712	-240296623	-464366137	-464380684	-865220196	-1473710396	-1922919912	246080609	16857464355	99163550183	99163536026	99163523989	99163549990	99163530162	82306033498	82059960650	83982957944	85456621704	86321857918	86786244340	87026558202	87257008478	349013378670	1395960610992	1396022355496	-1379016	-1390096	507168	597248	-486504	5584088439192	-56	-1379048	-1390104	507400	1704960	-17480200	1396052422968	56072	-982864	-326480	533632	-133496	-1102152	349027830048	8936	-281072	105688	-76208	-675832	-105664	87264673520	21819534736	5457384992	1364327808	341403408	86447728	-1472520	21832680	-845384	-841112	-837896	-838584	-838432	-841840	5408872	-845192	-6880352	-837000	-834584	-11844656	-825608	-5965096	-30897600	-41208768	10238080	1628032	-6309600	-45704448	29549856	12413376	25499648	-3178496	17013120	35081728	-2224640	26106688
-242	43087	48243	58512	66870	46668	62096	57725	48832	71454	45894	49487	50897	78037	72935	58295	59964	48694	54580	57459	55780	41398	92452	1125	-61788	-43931	-172211	-236476	-360788	-814239	-813585	-788228	-876064	-1719987	-3333810	-6675110	-13364714	-13432087	-26821668	-53661731	-107121570	-213658105	-425817322	-845544731	-845538124	-1667966800	-3243221358	-6118823093	-10773389827	-15698225819	-8023009914	-8023013890	-8023028541	-8023021471	-8023037792	7675178352	18448579948	24567443780	27810642610	29478626302	30324164226	30749994880	31151190786	124578608070	498153344222	498260465794	-649584	-557176	114464	316768	-250472	1993041499696	-40	-649536	-557520	114488	1939680	-1949336	498313758416	-44888	-366040	-127504	306960	-98984	-376184	124604761016	87024	-173312	-123584	18872	-346168	95384	31164641648	7797586544	1952962272	489509480	123055632	31514024	-660928	8134128	-185912	-182904	-179424	-178776	-176752	-178800	2289160	-186216	-1307704	-179600	-175296	-516080	-174064	-4340784	-8397328	-16301440	2920928	-5118144	-4804128	-15346208	12405792	6303904	12357920	2021248	8166656	9990848	-1637376	13869696
1957	-45745	-62403	-112791	-81952	-74336	-59989	-2658	-100055	-68304	-102586	-96251	-59966	-23843	-7313	-89920	-66370	-118076	-128054	-106309	-49973	-77175	19451	-1080	3136	-118362	-124474	-360788	-775172	-1501242	-1512038	-1478917	-1485199	-2968592	-5903878	-11945650	-23701662	-23711291	-47480386	-94973872	-190078890	-380695982	-763907775	-1537604557	-1537563666	-3115449166	-6395588297	-13454771768	-29570932553	-69806495960	-182307380753	-182307368563	-182307388609	-182307411362	-182307423356	-112500901706	-82929949670	-69475192660	-63079590176	-59964121448	-58426567466	-57662651502	-56949465918	-227844949798	-911665548988	-911475470144	465000	733616	-507488	-108712	106296	-3645901282864	72	465280	732800	-507728	2463912	22845256	-911379863112	-215008	592792	178984	-37192	-54064	758112	-227797539416	217552	-15912	-507232	168496	151912	426024	-56925456664	-14219417960	-3549249304	-883851200	-219647904	-54655296	585320	-13329928	856008	857256	861464	864328	869592	869536	-2565784	854832	7530304	859472	867248	17640496	856008	-2080576	27072496	22401280	-8600416	-16371872	-2757120	32234720	-14091552	-2965056	-7727008	10568992	-5327616	-29430976	-811904	-4624960
1813	21162	11253	-28887	19303	-4583	38161	93823	-31760	42516	-37460	-25118	17940	105499	114959	-2280	27580	-50315	-52792	-23379	37892	-17535	178533	533	-102229	-210033	-435249	-814239	-1501242	-3108074	-3118267	-3037598	-3194405	-6326748	-12433943	-25039814	-49886736	-50012627	-100027819	-200094289	-399996756	-799623975	-1599610651	-3200208402	-3200152350	-6407701602	-12848422481	-25839969989	-52271057294	-106942830461	-223564965462	-223564957529	-223565004918	-223565018874	-223565060472	-116622217878	-64351118454	-38511094338	-25662694504	-19254942730	-16054801610	-14455158970	-12955579736	-51920751666	-208284413006	-207884416120	-586968	-121352	-382824	411032	-312768	-831537611976	232	-586296	-122608	-382784	6046040	22536096	-207684237832	-329744	39664	-22456	466760	-236184	220200	-51821953440	386440	-315832	-796712	212312	-427752	640976	-12905197496	-3201683040	-787933768	-190866152	-45059544	-9698032	-465512	-1609176	645648	652128	662864	667440	676776	673232	899824	643776	6282856	660240	676464	19084744	664664	-9700816	16395376	-2230784	-4762144	-27148288	-11177472	10629312	5165280	7418528	12262496	15422048	7941632	-16136576	-3665152	18381696
1960	14901	3669	-40056	9349	-12780	29435	88706	-41346	32787	-47206	-34808	10246	97481	108401	-12350	18471	-61197	-64404	-33991	30410	-25387	171782	375	-96648	-212674	-427158	-813585	-1512038	-3118267	-3129680	-3049083	-3198607	-6338771	-12465541	-25110207	-50015524	-50136140	-100280445	-200599568	-401031618	-801771817	-1604167268	-3210357837	-3210299948	-6432096564	-12913822546	-26037188784	-52931009539	-109325097682	-232579095832	-232579086825	-232579134225	-232579150040	-232579190962	-123254078836	-70323027198	-44285788590	-31371985850	-24939839472	-21729551290	-20125352722	-18621829666	-74586043770	-298947131922	-298546100204	-503336	-32008	-422464	377136	-285632	-1194184283264	208	-502720	-33336	-422480	6020040	23980520	-298345349240	-337984	105440	-1648	438448	-229720	295480	-74486936752	391232	-303080	-812776	219848	-388752	655408	-18571310664	-4618119320	-1142048200	-279316344	-67159040	-15274456	-376248	-3006776	709656	715944	726576	731208	740680	737312	570600	707736	6818752	723872	740112	20115096	727592	-9446664	18635296	415744	-5504928	-27641952	-10935232	13718208	3288736	6686976	10752992	15831328	6914432	-18675520	-3580736	16907904
2036	7777	-4579	-50846	-2097	-21234	19088	80251	-50715	21089	-56197	-44212	1532	85626	97741	-22746	8594	-70862	-74861	-44781	21103	-33053	158773	204	-87791	-209243	-405304	-788228	-1478917	-3037598	-3049083	-2971940	-3108742	-6163484	-12129293	-24439570	-48667891	-48779137	-97573357	-195183651	-390232354	-780271818	-1561448478	-3126050900	-3125993366	-6267858460	-12602964694	-25485602267	-52107629056	-108796749321	-235993933101	-235993923147	-235993968740	-235993986061	-235994024866	-127197259274	-75089589510	-49603943236	-37000994942	-30733088804	-27607107422	-26045629354	-24582519734	-98426181664	-394291441986	-393901209550	-398656	65712	-448312	329456	-245448	-1575604653344	176	-398048	64400	-448336	5798968	24805160	-393705805608	-334512	171128	21720	395320	-216840	367384	-98329687336	384160	-275568	-806920	224432	-334272	653968	-24533351824	-6109263472	-1515209728	-372705064	-90571400	-21227344	-264840	-4523504	757824	763688	773904	778496	787776	784720	173768	755952	7188552	771192	786968	20607440	774184	-8867880	20481424	3299248	-6115296	-27267872	-10295968	16712768	1183392	5733568	8807168	15789696	5629312	-20816960	-3358784	14805120
587	87658	91120	86369	127733	79765	130943	153649	67103	148668	60234	72632	99241	196768	192675	101461	121735	57723	66206	87596	119243	62631	262683	2204	-166561	-196307	-548567	-876064	-1485199	-3194405	-3198607	-3108742	-3351762	-6609027	-12906350	-25924334	-51764534	-51954090	-103839998	-207729627	-414998148	-828769077	-1655143354	-3300284811	-3300242654	-6564619460	-12987248549	-25418482664	-48634384112	-88493878167	-141968043572	-141968045484	-141968097819	-141968093388	-141968145514	-53474278068	-4839849568	20578736452	33565932276	40130609190	43430845160	45086030088	46641156576	186462868358	745227465368	745642463664	-1478344	-1051544	-13552	786712	-619800	2982569240160	152	-1477768	-1052776	-13352	6789768	9238896	745849586912	-270528	-627136	-241544	796208	-311024	-537648	186564831616	366320	-484024	-673080	147752	-854960	528120	46693354224	11698585640	2937989216	740195704	187745624	49138912	-1428016	13195040	32456	41344	53504	57296	66088	60496	4480744	30816	1224736	51648	68384	9814784	63384	-13073208	-5543840	-29874480	2464896	-24228960	-14680160	-20895168	24764032	15316960	28653536	12251296	18903360	8607552	-4915712	34757696
1741	144815	145331	120130	206580	120185	218300	280700	89657	249531	74477	100121	161237	351246	349784	154495	199189	64816	77999	124243	200942	88592	486706	3772	-302536	-397866	-1043070	-1719987	-2968592	-6326748	-6338771	-6163484	-6609027	-13049388	-25519255	-51286578	-102357158	-102706151	-205300132	-410701338	-820603304	-1639137546	-3274713518	-6534309302	-6534217402	-13015923192	-25825614136	-50849701383	-98534824569	-184482360467	-318773208866	-318773209013	-318773311524	-318773310791	-318773409978	-134291059948	-35756147836	15093735960	40919258886	53935294140	60469496044	63744288188	66819631916	267077151874	1067074733834	1067895337240	-2533632	-1666928	-195248	1402464	-1090144	4271580435120	112	-2532696	-1669664	-195208	13269504	24669368	1068305150768	-558720	-936832	-375056	1451888	-580336	-724512	267279011288	748184	-886576	-1392872	336528	-1500912	1113192	66922884000	16780771736	4221409600	1066907016	272087704	72130944	-2403976	19807008	356896	373624	397208	404888	422792	412544	7372312	353592	4821584	393208	426328	23944496	414208	-24605784	-911840	-47003184	1565984	-49878848	-27819392	-27327776	40397952	26927008	49695008	25957088	32643328	5523008	-9287168	61857984
4981	205273	190181	96631	276906	134270	318752	482798	56783	364962	27309	78480	219961	584130	598207	178717	278683	-4457	8641	110442	298480	77268	861800	5448	-520831	-805409	-1928677	-3333810	-5903878	-12433943	-12465541	-12129293	-12906350	-25519255	-50004038	-100574167	-200585789	-201199815	-402261376	-804712186	-1608169768	-3213287767	-6422892157	-12829271166	-12829071628	-25607020272	-51019513635	-101306193234	-199759862279	-388251409818	-731737849578	-731737837582	-731738034875	-731738056158	-731738239990	-343486822572	-143726789498	-42420295086	8599074964	34206308452	47035343716	53458379926	59486077904	237549223410	947778877132	949387047042	-3924256	-2159520	-843096	2317856	-1783096	3797547199360	248	-3922376	-2165000	-843256	25405152	65272744	950190851040	-1177504	-1035320	-472176	2474600	-1057272	-504032	237945463792	1509872	-1549624	-2909240	748376	-2448800	2344088	59688511184	15020566248	3806057192	974930936	254312496	70943872	-3580160	21136632	1462912	1493104	1538096	1554296	1590488	1572720	10231336	1456056	15782344	1529256	1594264	58888416	1562128	-44649728	25179040	-59212064	-5784448	-102503648	-50876512	-15466752	55958624	43626688	78354080	55343840	51187776	-19533696	-16894528	102498944
