-22	280	206	258	282	85	239	164	290	181	227	269	338	262	280	183	264	201	214	177	21	788	582	1785	5276	16384	49519	49461	49439	49426	49462	49474	49396	49495	49479	147071	441511	111	-4269	-27	798	441471	-78	237	1254	2394	157167	58038	25260	14709	9936	3960	312	420	-1116	2112	3576	6528	6660	3708	-8928	-29484
280	-5156	-4202	-4764	-5182	-1596	-4657	-3189	-5446	-3139	-3977	-4784	-6080	-4849	-5198	-3310	-4677	-3595	-3939	-3131	-327	-14188	-10298	-31633	-93617	-290723	-879129	-878162	-877808	-877210	-877766	-878405	-876951	-878914	-877960	-2608990	-7832658	-2061	82662	450	-14517	-7832034	1326	-4257	-20055	-34788	-2756076	-997515	-415929	-228720	-144240	-61140	-4488	-6060	21384	-37296	-63132	-117708	-120132	-65772	164340	554904
206	-4202	-3698	-3944	-4281	-1119	-4071	-2582	-4575	-2398	-3027	-3914	-4804	-3969	-4162	-2773	-3597	-2784	-3246	-2434	-237	-11219	-8184	-25165	-74574	-231710	-700355	-699701	-699488	-698915	-699242	-699935	-698731	-700279	-699455	-2078529	-6240166	-1785	71658	294	-11979	-6239700	885	-3438	-14361	-21924	-2172000	-771159	-307656	-158508	-91332	-42456	-2772	-3852	18780	-29928	-52128	-96720	-99108	-50724	131148	460728
258	-4764	-3944	-4542	-4852	-1438	-4472	-3003	-5126	-2922	-3696	-4515	-5687	-4628	-4845	-3111	-4308	-3268	-3648	-2957	-314	-13205	-9620	-29506	-87454	-271329	-820453	-819573	-819258	-818735	-819217	-819810	-818443	-820265	-819442	-2435271	-7311166	-1953	75171	405	-13854	-7310565	1251	-4083	-18321	-31065	-2566689	-925320	-382536	-207639	-128784	-55488	-3168	-5172	20820	-34680	-60444	-111204	-113904	-65772	150660	513756
282	-5182	-4281	-4852	-5296	-1578	-4797	-3248	-5523	-3168	-4006	-4874	-6134	-4969	-5263	-3388	-4688	-3604	-3990	-3160	-326	-14271	-10357	-31892	-94449	-293287	-886794	-885822	-885477	-884874	-885403	-886082	-884601	-886593	-885618	-2631711	-7900925	-2106	84876	423	-14853	-7900284	1329	-4323	-19920	-33792	-2775021	-1001136	-414429	-225549	-140424	-60444	-4452	-5952	21936	-37848	-64728	-120036	-122688	-67068	164520	563436
85	-1596	-1119	-1438	-1578	-976	-1213	-1334	-1605	-1415	-1748	-1515	-2276	-1753	-2006	-937	-1917	-1472	-1160	-1203	-126	-5218	-3447	-10799	-31998	-98942	-300236	-299698	-299394	-299088	-299509	-299652	-299272	-300116	-299283	-888721	-2668406	-375	21117	273	-4851	-2668188	816	-1404	-8874	-18180	-965589	-366126	-168141	-104217	-75576	-28032	-2808	-3660	4392	-12900	-19548	-38016	-37944	-29844	57060	172152
239	-4657	-4071	-4472	-4797	-1213	-4636	-2892	-5113	-2683	-3402	-4422	-5398	-4505	-4650	-3123	-3977	-3042	-3634	-2770	-274	-12567	-9203	-28260	-83839	-260295	-786726	-785970	-785751	-785200	-785523	-786279	-784892	-786628	-785822	-2335350	-7011209	-2043	79047	312	-13602	-7010646	1044	-3930	-15969	-24177	-2438343	-864447	-343767	-176082	-100584	-47100	-2472	-3936	21648	-33396	-59316	-108960	-111996	-59976	144900	512892
164	-3189	-2582	-3003	-3248	-1334	-2892	-2346	-3398	-2290	-2859	-3046	-4082	-3319	-3607	-2044	-3223	-2471	-2408	-2120	-212	-9419	-6521	-20273	-60215	-186507	-564821	-564066	-563698	-563186	-563677	-564123	-563267	-564696	-563568	-1674107	-5026313	-1104	49131	357	-9645	-5025921	1122	-2745	-13794	-24507	-1778466	-649728	-276588	-156228	-102300	-42132	-3372	-4836	12240	-24336	-40632	-76176	-77292	-50904	105048	348732
290	-5446	-4575	-5126	-5523	-1605	-5113	-3398	-5894	-3291	-4148	-5137	-6399	-5224	-5507	-3558	-4872	-3737	-4170	-3296	-341	-14911	-10848	-33318	-98754	-306570	-926936	-925951	-925605	-924968	-925504	-926235	-924691	-926738	-925743	-2751040	-8259146	-2217	88056	447	-15660	-8258496	1338	-4554	-20502	-34176	-2896029	-1041807	-428529	-231036	-142044	-61932	-4020	-6000	23520	-39504	-68424	-126420	-129276	-71640	171720	588492
181	-3139	-2398	-2922	-3168	-1415	-2683	-2290	-3291	-2422	-2967	-3037	-4141	-3319	-3567	-1981	-3325	-2542	-2324	-2187	-234	-9524	-6620	-20562	-60905	-188605	-571240	-570393	-569982	-569560	-570162	-570427	-569624	-571020	-570017	-1693448	-5084323	-1008	44604	408	-9570	-5083902	1221	-2778	-15123	-28875	-1815759	-673968	-296613	-174873	-120156	-47100	-3780	-5520	11244	-24516	-40512	-75600	-76572	-52740	104652	336636
227	-3977	-3027	-3696	-4006	-1748	-3402	-2859	-4148	-2967	-3734	-3825	-5218	-4148	-4492	-2502	-4156	-3169	-2965	-2745	-301	-12018	-8366	-25924	-76796	-237864	-720397	-719341	-718846	-718315	-719040	-719407	-718352	-720125	-718898	-2135796	-6412393	-1317	57282	489	-11940	-6411852	1509	-3525	-18927	-36306	-2289264	-849234	-373332	-219825	-150768	-59028	-4668	-6756	14472	-30816	-50856	-94872	-96192	-65376	132552	426816
269	-4784	-3914	-4515	-4874	-1515	-4422	-3046	-5137	-3037	-3825	-4632	-5813	-4712	-4948	-3200	-4413	-3389	-3661	-3003	-319	-13425	-9729	-29991	-88870	-275802	-833890	-832920	-832563	-832078	-832635	-833143	-831806	-833644	-832807	-2474945	-7430240	-1893	76143	435	-14136	-7429614	1335	-4071	-19584	-34218	-2620392	-952212	-400470	-222756	-142716	-60168	-4368	-6240	20112	-36084	-62472	-113952	-116676	-67176	150192	515484
338	-6080	-4804	-5687	-6134	-2276	-5398	-4082	-6399	-4141	-5218	-5813	-7728	-6120	-6503	-3917	-5927	-4536	-4605	-4003	-437	-17706	-12615	-38912	-115167	-357117	-1080629	-1079245	-1078670	-1077930	-1078835	-1079422	-1077742	-1080275	-1078867	-3205809	-9624685	-2253	91884	648	-17913	-9623838	2010	-5295	-26754	-49491	-3414900	-1253817	-539367	-309102	-205296	-82824	-6120	-8736	23988	-46092	-77580	-143496	-146412	-90900	197640	654372
262	-4849	-3969	-4628	-4969	-1753	-4505	-3319	-5224	-3319	-4148	-4712	-6120	-5068	-5232	-3171	-4679	-3556	-3646	-3194	-347	-14021	-9974	-30829	-91417	-283250	-857157	-856057	-855609	-855010	-855706	-856218	-854884	-856889	-855742	-2542778	-7634174	-1806	73119	492	-14655	-7633530	1548	-4308	-20541	-36582	-2697819	-983718	-417057	-234264	-152052	-62880	-3876	-6540	20064	-36648	-64104	-116832	-119484	-76824	154260	520236
280	-5198	-4162	-4845	-5263	-2006	-4650	-3607	-5507	-3567	-4492	-4948	-6503	-5232	-5710	-3345	-5110	-3937	-3933	-3367	-347	-15064	-10575	-32766	-97250	-301464	-912544	-911353	-910826	-910097	-910849	-911507	-910086	-912302	-910784	-2705829	-8123713	-1863	80790	555	-15387	-8123073	1689	-4404	-22257	-39825	-2875167	-1050915	-447801	-253392	-166116	-68364	-5568	-7812	20172	-39396	-65940	-123024	-124956	-78192	169452	563652
183	-3310	-2773	-3111	-3388	-937	-3123	-2044	-3558	-1981	-2502	-3200	-3917	-3171	-3345	-2292	-2928	-2281	-2576	-1996	-201	-9071	-6634	-20503	-60750	-188764	-570309	-569708	-569504	-569183	-569491	-569887	-568952	-570169	-569660	-1693024	-5082689	-1389	56193	264	-9798	-5082261	825	-2730	-12945	-21546	-1785330	-644310	-266697	-145215	-90540	-39612	-3336	-4140	14244	-25104	-43476	-79080	-81144	-42408	101844	361368
264	-4677	-3597	-4308	-4688	-1917	-3977	-3223	-4872	-3325	-4156	-4413	-5927	-4679	-5110	-2928	-4762	-3637	-3497	-3104	-336	-13746	-9678	-29917	-88572	-274588	-831306	-830189	-829660	-829041	-829817	-830269	-829036	-831022	-829724	-2465153	-7401089	-1602	68790	546	-13644	-7400487	1602	-4011	-21354	-40407	-2635938	-973944	-424575	-247518	-167784	-66444	-5436	-7572	17196	-35496	-58248	-109356	-110772	-70848	154872	499932
201	-3595	-2784	-3268	-3604	-1472	-3042	-2471	-3737	-2542	-3169	-3389	-4536	-3556	-3937	-2281	-3637	-2836	-2706	-2351	-244	-10532	-7393	-22942	-67901	-210661	-637658	-636794	-636390	-635893	-636486	-636864	-635921	-637448	-636388	-1890641	-5676240	-1233	55359	408	-10536	-5675784	1215	-3012	-16386	-30585	-2020503	-745830	-324363	-188634	-127572	-50976	-4860	-6108	12876	-27660	-44640	-84360	-85320	-51876	119556	390096
214	-3939	-3246	-3648	-3990	-1160	-3634	-2408	-4170	-2324	-2965	-3661	-4605	-3646	-3933	-2576	-3497	-2706	-3110	-2359	-232	-10789	-7875	-24208	-71591	-222537	-672694	-671991	-671760	-671311	-671651	-672225	-671070	-672569	-671852	-1996512	-5993881	-1665	67950	300	-11052	-5993382	966	-3207	-14661	-24474	-2100081	-754389	-309222	-166053	-101424	-44268	-3648	-4032	16824	-28452	-47508	-89604	-91512	-45756	127296	437508
177	-3131	-2434	-2957	-3160	-1203	-2770	-2120	-3296	-2187	-2745	-3003	-4003	-3194	-3367	-1996	-3104	-2351	-2359	-2122	-234	-9232	-6595	-20291	-60043	-186055	-563100	-562353	-562043	-561696	-562176	-562453	-561588	-562897	-562192	-1670624	-5015683	-1161	45345	342	-9378	-5015241	1074	-2814	-14007	-26103	-1780617	-654450	-282225	-162174	-108000	-43296	-2736	-4416	12528	-23712	-40188	-74352	-75852	-49356	102816	336096
21	-327	-237	-314	-326	-126	-274	-212	-341	-234	-301	-319	-437	-347	-347	-201	-336	-244	-232	-234	-34	-986	-716	-2180	-6442	-19926	-60317	-60234	-60200	-60175	-60242	-60238	-60148	-60278	-60250	-179106	-537708	-114	3654	42	-966	-537654	120	-324	-1680	-3525	-193779	-73059	-33192	-20310	-14460	-5376	-192	-540	1296	-2484	-4452	-7824	-8028	-6012	10404	32076
788	-14188	-11219	-13205	-14271	-5218	-12567	-9419	-14911	-9524	-12018	-13425	-17706	-14021	-15064	-9071	-13746	-10532	-10789	-9232	-986	-41038	-29300	-90267	-267130	-828555	-2507084	-2503936	-2502626	-2500896	-2502883	-2504420	-2500483	-2506318	-2502989	-7437513	-22329326	-5328	217548	1461	-41517	-22327437	4494	-12240	-60963	-111153	-7907124	-2893491	-1235892	-701802	-460944	-187848	-13956	-19596	56328	-106416	-177756	-331860	-338004	-205092	464904	1536840
582	-10298	-8184	-9620	-10357	-3447	-9203	-6521	-10848	-6620	-8366	-9729	-12615	-9974	-10575	-6634	-9678	-7393	-7875	-6595	-716	-29300	-21272	-65273	-192966	-598845	-1811123	-1808991	-1808183	-1807101	-1808389	-1809431	-1806526	-1810552	-1808718	-5375332	-16137829	-4077	158919	981	-29886	-16136427	3009	-8904	-43062	-77811	-5703366	-2080287	-882276	-496410	-322008	-132528	-9036	-12936	42492	-76380	-129024	-239616	-244764	-142308	334080	1112724
1785	-31633	-25165	-29506	-31892	-10799	-28260	-20273	-33318	-20562	-25924	-29991	-38912	-30829	-32766	-20503	-29917	-22942	-24208	-20291	-2180	-90267	-65273	-200784	-593691	-1842504	-5572546	-5565881	-5563288	-5559871	-5563928	-5567168	-5558313	-5570792	-5564740	-16537250	-49648310	-12390	492948	3048	-92334	-49644018	9402	-27240	-133410	-240855	-17554713	-6408009	-2721987	-1534860	-998796	-410976	-30000	-41328	129012	-236544	-398508	-739884	-755352	-438876	1025532	3428676
5276	-93617	-74574	-87454	-94449	-31998	-83839	-60215	-98754	-60905	-76796	-88870	-115167	-91417	-97250	-60750	-88572	-67901	-71591	-60043	-6442	-267130	-192966	-593691	-1756154	-5449592	-16482442	-16462705	-16455000	-16444816	-16456800	-16466508	-16440302	-16477317	-16459139	-48912608	-146846058	-36588	1457292	9048	-273798	-146833431	27867	-80586	-394365	-710238	-51914646	-18945510	-8043324	-4531803	-2946804	-1214400	-88200	-122976	382272	-700596	-1182624	-2193540	-2239308	-1308780	3030624	10139364
16384	-290723	-231710	-271329	-293287	-98942	-260295	-186507	-306570	-188605	-237864	-275802	-357117	-283250	-301464	-188764	-274588	-210661	-222537	-186055	-19926	-828555	-598845	-1842504	-5449592	-16912442	-51150493	-51089474	-51065734	-51034157	-51071103	-51101401	-51019980	-51134664	-51078581	-151793596	-455716279	-113886	4542168	27921	-849063	-455677077	86043	-249759	-1222347	-2199498	-161090958	-58776108	-24941949	-14045169	-9126264	-3763884	-276264	-380772	1187016	-2174856	-3667356	-6805716	-6947676	-4034484	9411084	31512348
49519	-879129	-700355	-820453	-886794	-300236	-786726	-564821	-926936	-571240	-720397	-833890	-1080629	-857157	-912544	-570309	-831306	-637658	-672694	-563100	-60317	-2507084	-1811123	-5572546	-16482442	-51150493	-154704728	-154519695	-154447518	-154351578	-154463824	-154555523	-154309388	-154656833	-154485802	-459093558	-1378296311	-343749	13718775	84711	-2567577	-1378177839	260994	-755535	-3699519	-6661299	-487249110	-177800616	-75471501	-42513993	-27637224	-11391552	-835044	-1153536	3585804	-6576168	-11086332	-20578500	-21005604	-12227400	28474920	95278140
49461	-878162	-699701	-819573	-885822	-299698	-785970	-564066	-925951	-570393	-719341	-832920	-1079245	-856057	-911353	-569708	-830189	-636794	-671991	-562353	-60234	-2503936	-1808991	-5565881	-16462705	-51089474	-154519695	-154335046	-154263025	-154167187	-154279179	-154370847	-154124963	-154471920	-154301249	-458545361	-1376650382	-343494	13706259	84555	-2564535	-1376532060	260499	-754638	-3693993	-6649860	-486652608	-177573858	-75366831	-42448767	-27589716	-11373984	-833496	-1151352	3582852	-6568164	-11073360	-20554452	-20981340	-12208356	28441836	95175756
49439	-877808	-699488	-819258	-885477	-299394	-785751	-563698	-925605	-569982	-718846	-832563	-1078670	-855609	-910826	-569504	-829660	-636390	-671760	-562043	-60200	-2502626	-1808183	-5563288	-16455000	-51065734	-154447518	-154263025	-154191128	-154095369	-154207211	-154298884	-154053048	-154399787	-154229395	-458332075	-1376009948	-343476	13702791	84468	-2563317	-1375891671	260250	-754308	-3691383	-6644148	-486414960	-177480126	-75320619	-42417933	-27565704	-11365500	-832524	-1150008	3582384	-6564864	-11068512	-20545176	-20972232	-12199284	28428804	95139360
49426	-877210	-698915	-818735	-884874	-299088	-785200	-563186	-924968	-569560	-718315	-832078	-1077930	-855010	-910097	-569183	-829041	-635893	-671311	-561696	-60175	-2500896	-1807101	-5559871	-16444816	-51034157	-154351578	-154167187	-154095369	-153999874	-154111618	-154203070	-153957393	-154303802	-154133900	-458048814	-1375159348	-343305	13691994	84405	-2561715	-1375041102	260070	-753861	-3689487	-6641526	-486120402	-177376680	-75280347	-42398004	-27554796	-11360304	-831828	-1149264	3580392	-6560808	-11062716	-20532516	-20959740	-12191832	28406664	95068296
49462	-877766	-699242	-819217	-885403	-299509	-785523	-563677	-925504	-570162	-719040	-832635	-1078835	-855706	-910849	-569491	-829817	-636486	-671651	-562176	-60242	-2502883	-1808389	-5563928	-16456800	-51071103	-154463824	-154279179	-154207211	-154111618	-154223624	-154314994	-154069225	-154415939	-154245772	-458381068	-1376156932	-343347	13696011	84549	-2563497	-1376038596	260439	-754413	-3693657	-6651150	-486493170	-177525303	-75355026	-42448746	-27594780	-11374032	-833028	-1151268	3581316	-6565776	-11070624	-20546784	-20973960	-12205872	28426032	95120028
49474	-878405	-699935	-819810	-886082	-299652	-786279	-564123	-926235	-570427	-719407	-833143	-1079422	-856218	-911507	-569887	-830269	-636864	-672225	-562453	-60238	-2504420	-1809431	-5567168	-16466508	-51101401	-154555523	-154370847	-154298884	-154203070	-154314994	-154406764	-154160752	-154507753	-154337160	-458652218	-1376971133	-343692	13712427	84531	-2565138	-1376852781	260475	-754821	-3694089	-6649062	-486755985	-177605292	-75374427	-42448740	-27586188	-11373804	-833292	-1150920	3584616	-6569472	-11075904	-20559372	-20986560	-12208392	28449144	95206536
49396	-876951	-698731	-818443	-884601	-299272	-784892	-563267	-924691	-569624	-718352	-831806	-1077742	-854884	-910086	-568952	-829036	-635921	-671070	-561588	-60148	-2500483	-1806526	-5558313	-16440302	-51019980	-154309388	-154124963	-154053048	-153957393	-154069225	-154160752	-153915216	-154261661	-154091273	-457921463	-1374777275	-343032	13687677	84438	-2561136	-1374659118	260139	-753603	-3689046	-6640863	-485990886	-177332715	-75264717	-42391446	-27552612	-11358792	-832452	-1149816	3577956	-6559356	-11058636	-20526888	-20953224	-12191508	28402092	95045400
49495	-878914	-700279	-820265	-886593	-300116	-786628	-564696	-926738	-571020	-720125	-833644	-1080275	-856889	-912302	-570169	-831022	-637448	-672569	-562897	-60278	-2506318	-1810552	-5570792	-16477317	-51134664	-154656833	-154471920	-154399787	-154303802	-154415939	-154507753	-154261661	-154609034	-154437923	-458951102	-1377868681	-343710	13718319	84657	-2566860	-1377750270	260856	-755277	-3697479	-6656154	-487085187	-177732705	-75435270	-42488007	-27615948	-11384508	-834600	-1152636	3585348	-6574056	-11082468	-20572476	-20999412	-12221532	28468656	95262372
49479	-877960	-699455	-819442	-885618	-299283	-785822	-563568	-925743	-570017	-718898	-832807	-1078867	-855742	-910784	-569660	-829724	-636388	-671852	-562192	-60250	-2502989	-1808718	-5564740	-16459139	-51078581	-154485802	-154301249	-154229395	-154133900	-154245772	-154337160	-154091273	-154437923	-154268144	-458448067	-1376357867	-343605	13700880	84489	-2563782	-1376239488	260280	-754569	-3693072	-6649077	-486550893	-177538131	-75352929	-42441924	-27585600	-11371860	-832164	-1150260	3583632	-6566292	-11072940	-20550012	-20977884	-12203316	28429056	95139576
147071	-2608990	-2078529	-2435271	-2631711	-888721	-2335350	-1674107	-2751040	-1693448	-2135796	-2474945	-3205809	-2542778	-2705829	-1693024	-2465153	-1890641	-1996512	-1670624	-179106	-7437513	-5375332	-16537250	-48912608	-151793596	-459093558	-458545361	-458332075	-458048814	-458381068	-458652218	-457921463	-458951102	-458448067	-1362400680	-4090213708	-1021494	40708770	250977	-7619010	-4089861771	773133	-2242695	-10974444	-19759353	-1445913396	-527600910	-223930422	-126126714	-81976212	-33794040	-2470176	-3416340	10652868	-19512540	-32909700	-61069608	-62343396	-36261108	84470400	282701988
441511	-7832658	-6240166	-7311166	-7900925	-2668406	-7011209	-5026313	-8259146	-5084323	-6412393	-7430240	-9624685	-7634174	-8123713	-5082689	-7401089	-5676240	-5993881	-5015683	-537708	-22329326	-16137829	-49648310	-146846058	-455716279	-1378296311	-1376650382	-1376009948	-1375159348	-1376156932	-1376971133	-1374777275	-1377868681	-1376357867	-4090213708	-12279683280	-3066606	122214126	753501	-22874112	-12278626698	2321322	-6733134	-32947599	-59321415	-4340935140	-1583967363	-672284718	-378657204	-246108252	-101455992	-7415784	-10256568	31981344	-58580496	-98800476	-183343332	-187167096	-108869868	253601568	848735172
37	-687	-595	-651	-702	-125	-681	-368	-739	-336	-439	-631	-751	-602	-621	-463	-534	-411	-555	-387	-38	-1776	-1359	-4130	-12196	-37962	-114583	-114498	-114492	-114435	-114449	-114564	-114344	-114570	-114535	-340498	-1022202	-350	12322	27	-1918	-1022112	110	-572	-2135	-3062	-353395	-123985	-48054	-23654	-12584	-6228	-296	-340	3396	-4740	-8296	-15440	-15948	-6780	21504	76968
-1423	27554	23886	25057	28292	7039	26349	16377	29352	14868	19094	25381	30628	24373	26930	18731	22930	18453	22650	15115	1218	72516	52973	164316	485764	1514056	4572925	4568753	4567597	4563998	4565337	4570809	4562559	4572773	4566960	13569590	40738042	12322	-554716	-1482	75916	40734853	-5363	20583	89628	128852	14124331	4978296	1949736	978272	540984	263508	33116	23724	-119408	198172	322504	620508	632856	238836	-888168	-3214404
-9	150	98	135	141	91	104	119	149	136	163	145	216	164	185	88	182	136	100	114	14	487	327	1016	3016	9307	28237	28185	28156	28135	28183	28177	28146	28219	28163	83659	251167	27	-1482	-36	451	251147	-81	130	919	1993	92068	35645	17020	10995	8292	2980	240	400	-392	1220	1984	3628	3636	3204	-4920	-14256
266	-4839	-3993	-4618	-4951	-1617	-4534	-3215	-5220	-3190	-3980	-4712	-5971	-4885	-5129	-3266	-4548	-3512	-3684	-3126	-322	-13839	-9962	-30778	-91266	-283021	-855859	-854845	-854439	-853905	-854499	-855046	-853712	-855620	-854594	-2539670	-7624704	-1918	75916	451	-14976	-7624074	1437	-4245	-20064	-34192	-2685745	-974017	-407823	-225342	-143272	-61232	-4176	-6548	20512	-37200	-64576	-117960	-120732	-72732	153576	528156
147157	-2610678	-2079900	-2436855	-2633428	-889396	-2336882	-1675307	-2752832	-1694634	-2137284	-2476538	-3207946	-2544510	-2707691	-1694087	-2466829	-1891928	-1997794	-1671747	-179218	-7442479	-5378809	-16548006	-48944477	-151892359	-459392613	-458844020	-458630557	-458347034	-458679532	-458950927	-458219706	-459250090	-458746496	-1363287257	-4092875566	-1022112	40734853	251147	-7624074	-4092523418	773697	-2244180	-10981510	-19771766	-1446852538	-527942339	-224074267	-126206847	-82027692	-33815416	-2471700	-3418576	10659568	-19525176	-32930688	-61109392	-62383812	-36286884	84527028	282888828
-26	442	295	417	443	272	348	374	446	407	503	445	670	516	563	275	534	405	322	358	40	1498	1003	3134	9289	28681	86998	86833	86750	86690	86813	86825	86713	86952	86760	257711	773774	110	-5363	-81	1437	773697	-258	421	2643	5519	281019	107209	49818	31258	22932	8424	708	1036	-1324	3740	5976	11112	11232	9468	-15420	-47088
79	-1419	-1146	-1361	-1441	-468	-1310	-915	-1518	-926	-1175	-1357	-1765	-1436	-1468	-910	-1337	-1004	-1069	-938	-108	-4080	-2968	-9080	-26862	-83253	-251845	-251546	-251436	-251287	-251471	-251607	-251201	-251759	-251523	-747565	-2244378	-572	20583	130	-4245	-2244180	421	-1308	-5900	-10600	-792085	-288244	-121695	-67975	-43680	-18028	-756	-1632	6180	-10476	-18408	-33636	-34500	-21804	45768	151884
418	-6685	-4787	-6107	-6640	-2958	-5323	-4598	-6834	-5041	-6309	-6528	-8918	-6847	-7419	-4315	-7118	-5462	-4887	-4669	-560	-20321	-14354	-44470	-131455	-407449	-1233173	-1231331	-1230461	-1229829	-1231219	-1231363	-1229682	-1232493	-1231024	-3658148	-10982533	-2135	89628	919	-20064	-10981510	2643	-5900	-35852	-73338	-3968357	-1502180	-686936	-424186	-305664	-115200	-10320	-14180	22212	-54124	-88636	-161504	-163908	-110484	216672	688752
798	-11596	-7308	-10355	-11264	-6060	-8059	-8169	-11392	-9625	-12102	-11406	-16497	-12194	-13275	-7182	-13469	-10195	-8158	-8701	-1175	-37051	-25937	-80285	-236746	-733166	-2220433	-2216620	-2214716	-2213842	-2217050	-2216354	-2213621	-2218718	-2216359	-6586451	-19773805	-3062	128852	1993	-34192	-19771766	5519	-10600	-73338	-163564	-7274106	-2833196	-1366083	-892955	-678820	-241576	-22036	-30676	31600	-97084	-154820	-279320	-282300	-212580	380940	1130112
52389	-918692	-724000	-855563	-925007	-321863	-812781	-592822	-965343	-605253	-763088	-873464	-1138300	-899273	-958389	-595110	-878646	-673501	-700027	-593539	-64593	-2635708	-1901122	-5851571	-17304882	-53696986	-162416370	-162217536	-162138320	-162040134	-162164390	-162251995	-161996962	-162361729	-162183631	-481971132	-1446978380	-353395	14124331	92068	-2685745	-1446852538	281019	-792085	-3968357	-7274106	-512705510	-187831863	-80406812	-45805837	-30184996	-12286444	-919484	-1270940	3683812	-6918428	-11631148	-21547364	-21984588	-12987360	29759268	99028764
19346	-332505	-257053	-308440	-333712	-122042	-288149	-216576	-347269	-224656	-283078	-317404	-417939	-327906	-350305	-214770	-324648	-248610	-251463	-218150	-24353	-964497	-693429	-2136003	-6315170	-19592036	-59266872	-59191286	-59160042	-59125560	-59175101	-59201764	-59110905	-59244235	-59179377	-175866970	-527989121	-123985	4978296	35645	-974017	-527942339	107209	-288244	-1502180	-2833196	-187831863	-69284952	-30088523	-17462124	-11760880	-4692148	-363960	-502848	1291140	-2534264	-4237668	-7826632	-7978068	-4838316	10778604	35511732
8420	-138643	-102552	-127512	-138143	-56047	-114589	-92196	-142843	-98871	-124444	-133490	-179789	-139019	-149267	-88899	-141525	-108121	-103074	-94075	-11064	-411964	-294092	-907329	-2681108	-8313983	-25157167	-25122277	-25106873	-25093449	-25118342	-25124809	-25088239	-25145090	-25117643	-74643474	-224094906	-48054	1949736	17020	-407823	-224074267	49818	-121695	-686936	-1366083	-80406812	-30088523	-13454390	-8094508	-5673428	-2181744	-179660	-248832	499716	-1083936	-1792128	-3288312	-3345120	-2147616	4502952	14498964
4903	-76240	-52836	-69213	-75183	-34739	-58694	-52076	-77012	-58291	-73275	-74252	-103034	-78088	-84464	-48405	-82506	-62878	-55351	-54058	-6770	-233934	-165470	-511620	-1510601	-4681723	-14171331	-14149589	-14139311	-14132668	-14149582	-14149580	-14130482	-14162669	-14147308	-42042238	-126219068	-23654	978272	10995	-225342	-126206847	31258	-67975	-424186	-892955	-45805837	-17462124	-8094508	-5075122	-3710496	-1372692	-120984	-166984	244780	-617036	-1003848	-1826276	-1852524	-1275552	2482992	7740432
828	-12020	-7611	-10732	-11702	-6298	-8382	-8525	-11837	-10013	-12564	-11893	-17108	-12671	-13843	-7545	-13982	-10631	-8452	-9000	-1205	-38412	-26834	-83233	-245567	-760522	-2303102	-2299143	-2297142	-2296233	-2299565	-2298849	-2296051	-2301329	-2298800	-6831351	-20509021	-3146	135246	2073	-35818	-20506923	5733	-10920	-76416	-169705	-7546249	-2940220	-1418357	-927624	-705766	-251903	-23733	-32649	32365	-101734	-162342	-292107	-295188	-221223	392574	1173033
330	-5095	-3538	-4624	-5037	-2336	-3925	-3511	-5161	-3925	-4919	-5014	-6902	-5240	-5697	-3301	-5537	-4248	-3689	-3608	-448	-15654	-11044	-34248	-101200	-313657	-949296	-947832	-947125	-946692	-947836	-947817	-946566	-948709	-947655	-2816170	-8454666	-1557	65877	745	-15308	-8453854	2106	-4507	-28800	-60394	-3071611	-1173037	-545436	-343173	-251903	-93462	-8704	-11827	16038	-42033	-68473	-123831	-125595	-86247	164196	516519
26	-374	-231	-264	-371	-234	-206	-281	-335	-315	-389	-364	-510	-323	-464	-278	-453	-405	-304	-228	-16	-1163	-753	-2500	-7350	-23022	-69587	-69458	-69377	-69319	-69419	-69441	-69371	-69550	-69347	-205848	-617982	-74	8279	60	-1044	-617925	177	-189	-2580	-5509	-229871	-90990	-44915	-30246	-23733	-8704	-2120	-1580	189	-3735	-4439	-8970	-8742	-2586	12846	43938
35	-505	-321	-431	-496	-305	-328	-403	-500	-460	-563	-520	-728	-545	-651	-345	-631	-509	-336	-368	-45	-1633	-1078	-3444	-10248	-31731	-96128	-95946	-95834	-95772	-95939	-95910	-95818	-96053	-95855	-284695	-854714	-85	5931	100	-1637	-854644	259	-408	-3545	-7669	-317735	-125712	-62208	-41746	-32649	-11827	-1580	-2032	872	-4821	-7506	-13320	-13296	-10122	15795	48402
-93	1782	1565	1735	1828	366	1804	1020	1960	937	1206	1676	1999	1672	1681	1187	1433	1073	1402	1044	108	4694	3541	10751	31856	98918	298817	298571	298532	298366	298443	298718	298163	298779	298636	887739	2665112	849	-29852	-98	5128	2664892	-331	1545	5553	7900	920953	322785	124929	61195	32365	16038	189	872	-9024	12272	22535	41137	42537	22038	-55158	-195606
176	-3108	-2494	-2890	-3154	-1075	-2783	-2028	-3292	-2043	-2568	-3007	-3841	-3054	-3283	-2092	-2958	-2305	-2371	-1976	-207	-8868	-6365	-19712	-58383	-181238	-548014	-547347	-547072	-546734	-547148	-547456	-546613	-547838	-547191	-1626045	-4881708	-1185	49543	305	-9300	-4881294	935	-2619	-13531	-24271	-1729607	-633566	-270984	-154259	-101734	-42033	-3735	-4821	12272	-24146	-40685	-74636	-76176	-43764	98646	336483
298	-5261	-4344	-5037	-5394	-1629	-4943	-3386	-5702	-3376	-4238	-5206	-6465	-5342	-5495	-3623	-4854	-3720	-3959	-3349	-371	-14813	-10752	-33209	-98552	-305613	-923861	-922780	-922376	-921893	-922552	-922992	-921553	-923539	-922745	-2742475	-8233373	-2074	80626	496	-16144	-8232672	1494	-4602	-22159	-38705	-2907787	-1059417	-448032	-250962	-162342	-68473	-4439	-7506	22535	-40685	-72814	-129501	-133074	-80733	159861	556821
544	-9809	-8060	-9267	-10003	-3168	-9080	-6348	-10535	-6300	-7906	-9496	-11958	-9736	-10252	-6590	-9113	-7030	-7467	-6196	-652	-27655	-19968	-61657	-182795	-567143	-1714875	-1712871	-1712098	-1711043	-1712232	-1713281	-1710574	-1714373	-1712501	-5089134	-15278611	-3860	155127	907	-29490	-15277348	2778	-8409	-40376	-69830	-5386841	-1956658	-822078	-456569	-292107	-123831	-8970	-13320	41137	-74636	-129501	-235998	-241518	-141414	308142	1059138
185	-3337	-2753	-3164	-3408	-1054	-3111	-2147	-3591	-2127	-2672	-3241	-4067	-3319	-3471	-2254	-3077	-2370	-2542	-2107	-223	-9389	-6799	-20982	-62203	-192991	-583489	-582815	-582562	-582215	-582610	-582960	-582034	-583317	-582719	-1731761	-5199086	-1329	52738	303	-10061	-5198651	936	-2875	-13659	-23525	-1832049	-664839	-278760	-154377	-98396	-41865	-2914	-4432	14179	-25392	-44358	-80506	-82510	-48265	104237	359913
103	-1827	-1409	-1827	-1863	-829	-1666	-1414	-1990	-1465	-1816	-1866	-2525	-2134	-2172	-1178	-1968	-1441	-1271	-1371	-167	-5697	-3953	-12191	-36355	-112069	-339650	-339121	-338869	-338662	-339052	-339122	-338653	-339487	-338981	-1007253	-3024163	-565	19903	267	-6061	-3023907	789	-1817	-9207	-17715	-1082280	-403193	-178968	-106296	-73741	-28749	-862	-3374	7346	-14588	-26911	-47138	-48265	-41150	57221	182115
-248	4565	3643	4185	4570	1585	4025	2918	4770	2907	3682	4172	5490	4285	4707	2829	4302	3321	3536	2856	289	12914	9280	28487	84184	261419	790970	790051	789689	789074	789612	790254	788947	790796	789696	2346400	7044488	1792	-74014	-410	12798	7043919	-1285	3814	18056	31745	2479939	898217	375246	206916	130858	54732	4282	5265	-18386	32882	53287	102714	104237	57221	-153984	-506016
-273	5138	4266	4757	5217	1594	4749	3229	5449	3117	3952	4773	6059	4817	5219	3346	4629	3612	4051	3112	297	14230	10303	31747	93883	291781	882205	881257	880920	880262	880741	881542	880050	882059	880922	2617611	7858659	2138	-89289	-396	14671	7858023	-1308	4219	19132	31392	2750799	986437	402749	215012	130337	57391	4882	5378	-21734	37387	61869	117682	119971	60705	-168672	-578576