-29	464	602	794	612	715	258	718	690	747	767	738	551	655	662	697	809	841	496	524	641	483	480	390	20	4231	3728	28659	199795	1403019	9817240	68724508	68723924	481067245	3367469438	23572287284	165006010771	1155042076953	1155042077341	1155042077397	1155042077425	1155042077212	1155042077120	1155042077398	1155042077282	1155042077141	1155042077317	1155042077150	5936	1155042077231	5138	3822	7336	5887	7581	165006012437	5446	4060	4963	4557	5936	23572288796	1645	2989	2254	4312	3766	3367472374	481068455	68724929	9821497	1403381	10129	204582	10150	10171	10171	10150	10115	32634	10150	10178	10178	10150	10136	51954	51842	244559	324086	251174	242256
464	-12105	-15953	-20258	-16024	-18896	-6378	-18463	-17893	-18754	-19657	-19012	-13889	-16698	-17249	-17912	-20299	-21810	-12690	-13895	-16227	-12745	-12360	-10541	-513	-107771	-94927	-734805	-5117703	-35941207	-251486303	-1760504370	-1760489339	-12323421195	-86263912471	-603847420817	-4226931938346	-29588523610833	-29588523620114	-29588523620993	-29588523621924	-29588523616690	-29588523613897	-29588523621415	-29588523618654	-29588523615201	-29588523619525	-29588523615453	-151039	-29588523616379	-131740	-96964	-189602	-152726	-193970	-4226931982504	-141589	-101430	-128632	-117593	-151123	-603847458914	-40796	-76349	-58198	-108115	-93534	-86263988671	-12323451175	-1760515561	-251597941	-35950656	-261856	-5243896	-262528	-263088	-263158	-262661	-262010	-835044	-262507	-263088	-263137	-262640	-262234	-1338141	-1335152	-6395333	-8477343	-6558601	-6316688
602	-15953	-21483	-26858	-21305	-24958	-7913	-24855	-23499	-25058	-26083	-25196	-18387	-21796	-22741	-23530	-27104	-28585	-16265	-17773	-20815	-16441	-15851	-13395	-673	-138096	-121713	-942192	-6561923	-46084068	-322457714	-2257332474	-2257313033	-15801185901	-110608255125	-774257828976	-5419804792809	-37938633604699	-37938633616870	-37938633618118	-37938633619527	-37938633612593	-37938633608866	-37938633618689	-37938633614773	-37938633610239	-37938633615882	-37938633610513	-194376	-37938633612348	-169463	-125258	-243453	-196098	-248738	-5419804850495	-181895	-130928	-165102	-151585	-194474	-774257878387	-52885	-97979	-74536	-139307	-120834	-110608353667	-15801224733	-2257347022	-322600915	-46096386	-336126	-6724375	-337120	-337841	-337806	-337113	-336280	-1071189	-337134	-337792	-337806	-337071	-336714	-1718766	-1714902	-8200542	-10860556	-8404872	-8092105
794	-20258	-26858	-34335	-27189	-31819	-10588	-31445	-30169	-31762	-33201	-32068	-23433	-28108	-29047	-30350	-34524	-36696	-21320	-23364	-27312	-21432	-20738	-17644	-824	-180989	-159291	-1232886	-8586795	-60304569	-421960674	-2953893019	-2953867595	-20677066076	-144739402483	-1013175873589	-7092231102410	-49645617788355	-49645617803907	-49645617805474	-49645617807080	-49645617798285	-49645617793420	-49645617806442	-49645617801577	-49645617795733	-49645617802967	-49645617796145	-253939	-49645617797706	-221389	-163142	-318486	-256165	-325815	-7092231176870	-237671	-170597	-215740	-197316	-254065	-1013175937571	-68481	-127974	-97426	-181671	-157556	-144739530292	-20677116572	-2953911688	-422147950	-60320449	-439908	-8798818	-441014	-441931	-442022	-441203	-440069	-1401519	-441028	-441980	-442057	-441182	-440510	-2248274	-2243514	-10746484	-14239694	-11020590	-10614723
612	-16024	-21305	-27189	-22253	-25397	-8225	-25305	-24163	-25225	-26604	-25584	-18565	-22350	-23320	-24409	-27483	-29462	-16976	-18897	-21749	-17192	-16569	-14332	-635	-144535	-126900	-983704	-6849642	-48105850	-336603222	-2356357880	-2356337440	-16494356859	-115460449105	-808223189456	-5657562315371	-39602936265491	-39602936277383	-39602936278520	-39602936279787	-39602936272982	-39602936268906	-39602936279960	-39602936276202	-39602936271398	-39602936277030	-39602936271590	-201754	-39602936272067	-176316	-129269	-254632	-204526	-259840	-5657562375129	-190001	-134673	-172417	-157003	-201915	-808223240020	-53648	-101738	-77805	-143612	-124173	-115460550989	-16494396891	-2356372781	-336753697	-48118553	-351939	-7019950	-352639	-353339	-353430	-352842	-351967	-1117781	-352688	-353437	-353514	-352842	-352359	-1793379	-1789725	-8633016	-11442774	-8853565	-8525363
715	-18896	-24958	-31819	-25397	-30033	-10029	-29145	-28213	-29474	-31001	-29895	-21672	-26388	-27297	-28353	-31948	-34458	-20134	-22297	-25831	-20451	-19625	-16907	-759	-171351	-150780	-1168666	-8137498	-57150376	-399889371	-2799385792	-2799361717	-19595526123	-137168624549	-960180426038	-6721262969404	-47048840854349	-47048840868786	-47048840870157	-47048840871658	-47048840863510	-47048840858761	-47048840871282	-47048840866840	-47048840861228	-47048840867996	-47048840861623	-240030	-47048840862688	-209755	-154189	-302246	-242928	-308413	-6721263040387	-225652	-160510	-204484	-186781	-240212	-960180486090	-63889	-120603	-92113	-170737	-148127	-137168745833	-19595573200	-2799403565	-400067661	-57165353	-417396	-8339478	-418362	-419272	-419384	-418663	-417620	-1327480	-418390	-419279	-419398	-418635	-417907	-2130744	-2126306	-10226300	-13547863	-10484824	-10095176
258	-6378	-7913	-10588	-8225	-10029	-4683	-8696	-9797	-9361	-10194	-10046	-7339	-9663	-9217	-9704	-10056	-12066	-7766	-8789	-9970	-7663	-7402	-6911	-297	-65908	-57832	-448652	-3124099	-21940565	-153520980	-1074708656	-1074699718	-7522897205	-52660257692	-368621824783	-2580352768956	-18062469407090	-18062469412378	-18062469412718	-18062469412840	-18062469410246	-18062469408618	-18062469412916	-18062469411852	-18062469409926	-18062469412418	-18062469410139	-91119	-18062469409572	-80276	-57456	-116256	-92701	-118692	-2580352793711	-86296	-59633	-78659	-69559	-91119	-368621845634	-22771	-45871	-35959	-63406	-55286	-52660302079	-7522912971	-1074715040	-153589443	-21946169	-159831	-3200736	-159901	-160321	-160552	-160391	-159992	-508830	-159922	-160342	-160552	-160405	-159817	-815647	-813792	-3928722	-5229182	-4046371	-3900939
718	-18463	-24855	-31445	-25305	-29145	-8696	-29874	-27501	-29533	-30616	-29402	-21422	-25059	-26595	-27689	-32206	-33373	-18835	-20468	-24074	-19087	-18547	-15292	-717	-160107	-141027	-1091362	-7600923	-53380985	-373515259	-2614755770	-2614733111	-18303123756	-128121813536	-896852744359	-6277969199560	-43945784461561	-43945784475399	-43945784476940	-43945784478708	-43945784470492	-43945784466029	-43945784478059	-43945784473327	-43945784467947	-43945784474435	-43945784468312	-225232	-43945784470273	-195629	-145362	-281484	-227486	-288232	-6277969267199	-210518	-152362	-190925	-176582	-225407	-896852803126	-62258	-113939	-85939	-162638	-140140	-128121928648	-18303170788	-2614772629	-373681217	-53395125	-389732	-7789180	-390894	-391608	-391552	-390733	-389739	-1241079	-390936	-391727	-391636	-390761	-390418	-1990184	-1986166	-9511341	-12587659	-9738162	-9375954
690	-17893	-23499	-30169	-24163	-28213	-9797	-27501	-27036	-27771	-29364	-28387	-20669	-25139	-25857	-27006	-30178	-32821	-19286	-21413	-24743	-19428	-18837	-16340	-719	-164204	-144388	-1118841	-7791045	-54716966	-382862129	-2680188647	-2680165717	-18761154275	-131328024401	-919296222601	-6435073546617	-45045514890983	-45045514904706	-45045514905927	-45045514907201	-45045514899558	-45045514895075	-45045514906993	-45045514902980	-45045514897709	-45045514904165	-45045514898098	-229285	-45045514898671	-200270	-146538	-289240	-232610	-295666	-6435073613388	-215691	-152943	-196035	-178185	-229411	-919296279657	-60914	-115829	-88683	-163219	-141008	-131328139887	-18761199135	-2680205493	-383033063	-54731243	-399574	-7984004	-400407	-401247	-401422	-400743	-399749	-1270976	-400414	-401310	-401450	-400736	-399994	-2037707	-2033500	-9790445	-12986176	-10046764	-9676961
747	-18754	-25058	-31762	-25225	-29474	-9361	-29533	-27771	-29788	-30844	-29673	-21694	-25758	-26925	-27997	-32220	-33838	-19353	-21091	-24777	-19551	-18915	-15838	-758	-164532	-144908	-1121217	-7809133	-54842933	-383744958	-2686367503	-2686344342	-18804403208	-131630768022	-921415427131	-6449907978428	-45149355914655	-45149355928903	-45149355930449	-45149355932046	-45149355923853	-45149355919413	-45149355931340	-45149355926712	-45149355921295	-45149355927916	-45149355921633	-231231	-45149355923532	-201299	-149044	-289303	-233142	-296023	-6449908047086	-216146	-155981	-196007	-180369	-231343	-921415486390	-63147	-116578	-88375	-166110	-143843	-131630885281	-18804450175	-2686384715	-383915196	-54857474	-399903	-8002015	-400974	-401793	-401793	-401002	-399966	-1274756	-401009	-401849	-401863	-401009	-400498	-2043622	-2039282	-9758546	-12920222	-9998695	-9628206
767	-19657	-26083	-33201	-26604	-31001	-10194	-30616	-29364	-30844	-32414	-31139	-22656	-27289	-28368	-29533	-33439	-35830	-20688	-22804	-26480	-20900	-20143	-17269	-796	-175794	-154637	-1197887	-8341915	-58585428	-409931060	-2869681369	-2869656637	-20087589986	-140613070803	-984291550747	-6890040842572	-48230285967814	-48230285982709	-48230285984189	-48230285985725	-48230285977306	-48230285972522	-48230285985346	-48230285980728	-48230285974936	-48230285981903	-48230285975275	-246239	-48230285976579	-215019	-158179	-309736	-249053	-316337	-6890040915079	-231210	-164976	-209769	-191653	-246393	-984291612661	-66031	-124054	-94717	-175672	-152243	-140613195100	-20087638746	-2869699595	-410113543	-58600906	-427784	-8548533	-428771	-429688	-429772	-429009	-427917	-1361227	-428799	-429716	-429814	-428974	-428330	-2184133	-2179520	-10467233	-13869646	-10732715	-10334688
738	-19012	-25196	-32068	-25584	-29895	-10046	-29402	-28387	-29673	-31139	-30242	-22044	-26482	-27335	-28392	-32216	-34523	-20138	-22144	-25780	-20281	-19647	-16787	-795	-171200	-150668	-1166699	-8125188	-57063014	-399278587	-2795109708	-2795085727	-19565593530	-136959097462	-958713735710	-6710996137946	-46976973033384	-46976973048017	-46976973049432	-46976973050947	-46976973042643	-46976973038042	-46976973050400	-46976973045901	-46976973040332	-46976973047210	-46976973040722	-239834	-46976973042034	-209195	-153916	-301371	-242634	-308140	-6710996208371	-224966	-160860	-204365	-186739	-239953	-958713796208	-64624	-121184	-92400	-171521	-148344	-136959218557	-19565641193	-2795127482	-399456253	-57078091	-416311	-8326129	-417340	-418194	-418306	-417508	-416479	-1325933	-417340	-418243	-418292	-417494	-416899	-2125802	-2121210	-10176173	-13488377	-10436020	-10050390
551	-13889	-18387	-23433	-18565	-21672	-7339	-21422	-20669	-21694	-22656	-22044	-16194	-19285	-19857	-20645	-23543	-25078	-14655	-15977	-18736	-14667	-14282	-12097	-591	-124413	-109535	-847423	-5902566	-41452981	-290053263	-2030488344	-2030470979	-14213291683	-99493000850	-696451044342	-4875157302087	-34126101163471	-34126101174233	-34126101175298	-34126101176393	-34126101170280	-34126101167028	-34126101175861	-34126101172550	-34126101168571	-34126101173598	-34126101168862	-174454	-34126101169979	-151928	-111993	-218617	-176162	-223916	-4875157353031	-163191	-117369	-148358	-135765	-174517	-696451088578	-47411	-88319	-67165	-125223	-108248	-99493088744	-14213326673	-2030501270	-290181899	-41463947	-302036	-6047958	-302827	-303429	-303506	-302897	-302155	-963424	-302813	-303485	-303499	-302904	-302491	-1543619	-1540217	-7368816	-9767905	-7557221	-7279587
655	-16698	-21796	-28108	-22350	-26388	-9663	-25059	-25139	-25758	-27289	-26482	-19285	-23956	-24207	-25245	-27827	-30728	-18405	-20596	-23648	-18546	-17802	-15733	-697	-156663	-137609	-1066698	-7427668	-52165077	-365006320	-2555190775	-2555168845	-17886177668	-125203190272	-876422381485	-6134956658619	-42944696671802	-42944696684787	-42944696685919	-42944696686967	-42944696679949	-42944696675684	-42944696686962	-42944696683283	-42944696678268	-42944696684347	-42944696678583	-218477	-42944696678849	-191436	-139587	-276199	-221179	-281736	-6134956721901	-205744	-145138	-186746	-168826	-218575	-876422434692	-56994	-109690	-84434	-154343	-134281	-125203299326	-17886219057	-2555206675	-365169154	-52178735	-380898	-7611576	-381528	-382403	-382627	-382053	-381094	-1211385	-381549	-382410	-382648	-382018	-381192	-1943760	-1939616	-9343173	-12393766	-9593073	-9240077
662	-17249	-22741	-29047	-23320	-27297	-9217	-26595	-25857	-26925	-28368	-27335	-19857	-24207	-25086	-26029	-29131	-31597	-18428	-20506	-23635	-18692	-17980	-15585	-691	-157038	-138031	-1069965	-7450135	-52323073	-366111700	-2562928931	-2562906862	-17940342736	-125582345664	-879076469381	-6153535273995	-43074746980604	-43074746993637	-43074746994847	-43074746996141	-43074746988828	-43074746984481	-43074746996055	-43074746992141	-43074746986970	-43074746993110	-43074746987265	-219338	-43074746987909	-191765	-140602	-276766	-222383	-282401	-6153535338671	-206535	-146349	-187348	-170653	-219478	-879076524144	-58198	-110432	-84539	-155918	-134988	-125582456426	-17940385708	-2562945161	-366275280	-52336816	-382277	-7635103	-383047	-383887	-384034	-383383	-382431	-1215326	-383075	-383915	-384062	-383369	-382690	-1949444	-1945398	-9373553	-12424293	-9613604	-9256737
697	-17912	-23530	-30350	-24409	-28353	-9704	-27689	-27006	-27997	-29533	-28392	-20645	-25245	-26029	-27386	-30451	-32950	-19284	-21576	-24827	-19503	-18766	-16368	-693	-164453	-144376	-1118847	-7790803	-54715750	-382853523	-2680128495	-2680105346	-18760732087	-131325068859	-919275534038	-6434928725789	-45044501145882	-45044501159343	-45044501160584	-45044501161838	-45044501154337	-45044501149758	-45044501162051	-45044501157988	-45044501152638	-45044501158974	-45044501152931	-229390	-45044501153190	-200592	-146713	-289555	-232029	-295589	-6434928793083	-215761	-152775	-195678	-177576	-229544	-919275590653	-60242	-115164	-88165	-162680	-141183	-131325183892	-18760776657	-2680145251	-383024474	-54729976	-399959	-7984109	-400659	-401513	-401709	-401093	-400057	-1271074	-400687	-401597	-401786	-401072	-400295	-2038939	-2034872	-9816513	-13013959	-10073616	-9702980
809	-20299	-27104	-34524	-27483	-31948	-10056	-32206	-30178	-32220	-33439	-32216	-23543	-27827	-29131	-30451	-35194	-36653	-20995	-22872	-26938	-21170	-20541	-17092	-792	-178517	-157174	-1215592	-8466936	-59462611	-416069683	-2912653264	-2912628134	-20388388654	-142718662093	-999030689716	-6993214815543	-48952503780158	-48952503795554	-48952503797225	-48952503799036	-48952503790060	-48952503785177	-48952503798343	-48952503793213	-48952503787349	-48952503794538	-48952503787782	-250985	-48952503789721	-218155	-161756	-313523	-252560	-321160	-6993214890116	-234122	-169554	-212275	-195475	-251146	-999030754106	-68593	-126455	-95473	-180635	-156394	-142718789066	-20388440058	-2912671881	-416254013	-59478202	-433685	-8675919	-434889	-435715	-435736	-434861	-433748	-1382430	-434903	-435841	-435806	-434882	-434336	-2216410	-2211909	-10583167	-14009786	-10843945	-10444350
841	-21810	-28585	-36696	-29462	-34458	-12066	-33373	-32821	-33838	-35830	-34523	-25078	-30728	-31597	-32950	-36653	-40258	-23593	-26227	-30179	-23771	-22912	-20033	-895	-200429	-176169	-1365763	-9510177	-66790553	-467342814	-3271587287	-3271559244	-22900908245	-160306289579	-1122144090398	-7855008618434	-54985060407880	-54985060424466	-54985060425966	-54985060427440	-54985060418251	-54985060412842	-54985060427301	-54985060422548	-54985060416070	-54985060423865	-54985060416487	-279699	-54985060417028	-244720	-178906	-353353	-283794	-360710	-7855008699734	-263557	-186242	-239309	-217182	-279846	-1122144159556	-73864	-141001	-108297	-198429	-171829	-160306430102	-22900962350	-3271607724	-467551301	-66808000	-487788	-9745596	-488663	-489748	-489986	-489216	-487991	-1551060	-488719	-489825	-490056	-489216	-488257	-2488640	-2483369	-11959724	-15862574	-12272393	-11819045
496	-12690	-16265	-21320	-16976	-20134	-7766	-18835	-19286	-19353	-20688	-20138	-14655	-18405	-18428	-19284	-20995	-23593	-14550	-16215	-18592	-14530	-14022	-12467	-539	-123280	-108268	-839506	-5845831	-41055392	-287270437	-2011008258	-2010991146	-14076934455	-98538499484	-689769535173	-4828386737660	-33798707211294	-33798707221327	-33798707222132	-33798707222865	-33798707217448	-33798707214151	-33798707222952	-33798707220276	-33798707216417	-33798707221134	-33798707216749	-171577	-33798707216498	-150367	-109347	-217280	-174139	-221900	-4828386786503	-161847	-113757	-147035	-132538	-171682	-689769576755	-44653	-86471	-66675	-121128	-105105	-98538584669	-14076966904	-2011020599	-287398328	-41066046	-299663	-5990033	-300090	-300769	-301014	-300594	-299859	-953022	-300111	-300839	-301035	-300615	-299852	-1529297	-1526056	-7354214	-9762760	-7553350	-7277284
524	-13895	-17773	-23364	-18897	-22297	-8789	-20468	-21413	-21091	-22804	-22144	-15977	-20596	-20506	-21576	-22872	-26227	-16215	-18694	-20984	-16459	-15701	-14367	-556	-138835	-121614	-944520	-6574726	-46176398	-323101153	-2261839093	-2261819688	-15832735420	-110829099147	-775803739128	-5430626162477	-38014383192091	-38014383202869	-38014383203602	-38014383204298	-38014383198651	-38014383194676	-38014383205066	-38014383202285	-38014383197860	-38014383202979	-38014383198140	-192094	-38014383196951	-168994	-121842	-245056	-195363	-249340	-5430626217891	-182154	-125972	-165179	-147637	-192248	-775803784357	-48132	-95991	-74438	-133959	-116620	-110829194455	-15832770352	-2261852901	-323246441	-46188191	-337925	-6738501	-338163	-338968	-339318	-338961	-338128	-1071399	-338191	-339010	-339360	-338940	-337960	-1719095	-1715686	-8343034	-11076793	-8574902	-8260665
641	-16227	-20815	-27312	-21749	-25831	-9970	-24074	-24743	-24777	-26480	-25780	-18736	-23648	-23635	-24827	-26938	-30179	-18592	-20984	-24058	-18719	-18026	-16053	-659	-158911	-139525	-1081400	-7529754	-52882319	-370024524	-2590320381	-2590298324	-18132084163	-126924534920	-888471794913	-6219302552280	-43535117928042	-43535117940863	-43535117941880	-43535117942844	-43535117935942	-43535117931583	-43535117943102	-43535117939619	-43535117934620	-43535117940658	-43535117935077	-220871	-43535117934588	-193480	-140560	-279629	-223468	-285551	-6219302615764	-207907	-146230	-188678	-169813	-221025	-888471847907	-56665	-110593	-84987	-155533	-135345	-126924644504	-18132125494	-2590336287	-370189603	-52895780	-385819	-7715932	-386337	-387198	-387548	-387016	-386050	-1227562	-386344	-387289	-387569	-387030	-386001	-1966909	-1962940	-9484342	-12585846	-9744630	-9390262
483	-12745	-16441	-21432	-17192	-20451	-7663	-19087	-19428	-19551	-20900	-20281	-14667	-18546	-18692	-19503	-21170	-23771	-14530	-16459	-18719	-14802	-14139	-12602	-515	-124156	-108978	-846039	-5889552	-41363787	-289427295	-2026107874	-2026090519	-14182630566	-99278370725	-694948635019	-4864640435354	-34052483096937	-34052483106875	-34052483107649	-34052483108435	-34052483103061	-34052483099550	-34052483108753	-34052483106010	-34052483102014	-34052483106716	-34052483102314	-172648	-34052483101917	-151459	-110173	-219156	-175511	-223202	-4864640485803	-163310	-114100	-147924	-133672	-172788	-694948676912	-44443	-86506	-66612	-121408	-105420	-99278457264	-14182663089	-2026120537	-289557114	-41374459	-302470	-6036156	-302883	-303576	-303814	-303408	-302680	-959924	-302897	-303597	-303814	-303401	-302638	-1540770	-1537669	-7447118	-9876587	-7643608	-7361074
480	-12360	-15851	-20738	-16569	-19625	-7402	-18547	-18837	-18915	-20143	-19647	-14282	-17802	-17980	-18766	-20541	-22912	-14022	-15701	-18026	-14139	-13778	-12021	-510	-119928	-105420	-817158	-5689766	-39959692	-279602942	-1957333147	-1957316570	-13701211739	-95908441406	-671359127792	-4699513886337	-32896597251523	-32896597261252	-32896597262027	-32896597262802	-32896597257439	-32896597254211	-32896597262852	-32896597260242	-32896597256451	-32896597261070	-32896597256808	-166607	-32896597256586	-145530	-106092	-210749	-169673	-215635	-4699513934605	-157150	-110754	-142828	-129556	-166719	-671359169159	-43946	-84385	-64603	-118454	-101892	-95908525377	-13701244263	-1957345369	-279728036	-39969923	-291403	-5830426	-291886	-292488	-292740	-292285	-291585	-927500	-291872	-292579	-292726	-292320	-291627	-1483909	-1480878	-7153559	-9493799	-7342111	-7073493
390	-10541	-13395	-17644	-14332	-16907	-6911	-15292	-16340	-15838	-17269	-16787	-12097	-15733	-15585	-16368	-17092	-20033	-12467	-14367	-16053	-12602	-12021	-11256	-438	-106392	-93163	-724448	-5042281	-35413718	-247793217	-1734653503	-1734638700	-12142469712	-84997250028	-594980785074	-4164865487000	-29154058450299	-29154058458502	-29154058459008	-29154058459407	-29154058455236	-29154058452232	-29154058460081	-29154058458135	-29154058454795	-29154058458703	-29154058454992	-146853	-29154058453842	-129647	-92778	-188433	-150206	-191478	-4164865528656	-140035	-95655	-127281	-112896	-146951	-594980819104	-36400	-73717	-57806	-101822	-88515	-84997322746	-12142495659	-1734663994	-247905070	-35422898	-259476	-5168100	-259609	-260253	-260540	-260295	-259665	-821422	-259651	-260267	-260575	-260281	-259490	-1319094	-1316385	-6413169	-8526000	-6597017	-6354614
20	-513	-673	-824	-635	-759	-297	-717	-719	-758	-796	-795	-591	-697	-691	-693	-792	-895	-539	-556	-659	-515	-510	-438	-36	-4466	-3958	-30596	-213235	-1497357	-10477367	-73345649	-73345050	-513415180	-3593904834	-25157335150	-176101345883	-1232709422779	-1232709423209	-1232709423251	-1232709423282	-1232709423046	-1232709422979	-1232709423199	-1232709423101	-1232709422968	-1232709423164	-1232709422970	-6265	-1232709423071	-5488	-4032	-7854	-6398	-8050	-176101347597	-5901	-4249	-5425	-4942	-6265	-25157336764	-1792	-3276	-2548	-4543	-3899	-3593907989	-513416407	-73346126	-10481933	-1497790	-10780	-218351	-10815	-10843	-10843	-10815	-10794	-34769	-10815	-10836	-10836	-10815	-10815	-55482	-55272	-259357	-345107	-266168	-256270
4231	-107771	-138096	-180989	-144535	-171351	-65908	-160107	-164204	-164532	-175794	-171200	-124413	-156663	-157038	-164453	-178517	-200429	-123280	-138835	-158911	-124156	-119928	-106392	-4466	-1053356	-924952	-7170687	-49928241	-350651226	-2453551706	-17175848855	-17175702819	-120229889907	-841608869731	-5891262422456	-41238836879907	-288671858571543	-288671858656396	-288671858663074	-288671858669390	-288671858623466	-288671858594916	-288671858671042	-288671858648358	-288671858615108	-288671858655224	-288671858617931	-1462776	-288671858614699	-1281007	-931056	-1853061	-1484602	-1892716	-41238837301172	-1379483	-969052	-1252552	-1129569	-1463777	-5891262777316	-378574	-735784	-565607	-1032682	-894950	-841609599369	-120230167057	-17175954985	-2454647783	-350741027	-2558150	-51162818	-2561629	-2567271	-2569588	-2565976	-2559704	-8138872	-2561643	-2567887	-2569623	-2566123	-2559571	-13035337	-13008520	-62867441	-83437445	-64569309	-62212409
3728	-94927	-121713	-159291	-126900	-150780	-57832	-141027	-144388	-144908	-154637	-150668	-109535	-137609	-138031	-144376	-157174	-176169	-108268	-121614	-139525	-108978	-105420	-93163	-3958	-924952	-812632	-6298695	-43857860	-308017267	-2155237144	-15087526146	-15087398077	-105611759287	-739281999949	-5174974292654	-36224819981613	-253573740232906	-253573740307898	-253573740313877	-253573740319568	-253573740278871	-253573740253973	-253573740320305	-253573740300223	-253573740271078	-253573740306474	-253573740273683	-1285333	-253573740271691	-1124984	-818447	-1626842	-1304310	-1662388	-36224820351748	-1211308	-852530	-1100085	-993244	-1286194	-5174974605542	-333942	-646996	-496846	-908691	-787066	-739282641790	-105612003756	-15087619512	-2156199262	-308096117	-2246069	-44941470	-2249366	-2254301	-2256282	-2252999	-2247497	-7149436	-2249366	-2254826	-2256275	-2253146	-2247476	-11447877	-11424154	-55165082	-73211635	-56653506	-54585902
28659	-734805	-942192	-1232886	-983704	-1168666	-448652	-1091362	-1118841	-1121217	-1197887	-1166699	-847423	-1066698	-1069965	-1118847	-1215592	-1365763	-839506	-944520	-1081400	-846039	-817158	-724448	-30596	-7170687	-6298695	-48836852	-340036994	-2388116073	-16709954093	-116976401110	-116975407360	-818827647982	-5731791083074	-40122539859740	-280857778494394	-1966004452267778	-1966004452847356	-1966004452892960	-1966004452936396	-1966004452622740	-1966004452428578	-1966004452944667	-1966004452790070	-1966004452563777	-1966004452837523	-1966004452583482	-9962295	-1966004452564684	-8724457	-6342644	-12620818	-10117135	-12889751	-280857781364797	-9397892	-6600517	-8533707	-7700483	-9969106	-40122542280646	-2582559	-5013757	-3854984	-7034762	-6093752	-5731796059388	-818829536497	-116977125153	-16717421049	-2388728419	-17422524	-348447799	-17447318	-17485951	-17501302	-17476389	-17433871	-55427617	-17447500	-17489612	-17501316	-17477334	-17433017	-88784465	-88600771	-428111530	-568181362	-439661369	-423587997
199795	-5117703	-6561923	-8586795	-6849642	-8137498	-3124099	-7600923	-7791045	-7809133	-8341915	-8125188	-5902566	-7427668	-7450135	-7790803	-8466936	-9510177	-5845831	-6574726	-7529754	-5889552	-5689766	-5042281	-213235	-49928241	-43857860	-340036994	-2367597006	-16627874642	-116347378362	-814478446841	-814471528433	-5701299273958	-39909077851457	-279363560814635	-1955544922063160	-13688814473979719	-13688814478017383	-13688814478335704	-13688814478638579	-13688814476452784	-13688814475102386	-13688814478693259	-13688814477615942	-13688814476040892	-13688814477947685	-13688814476178503	-69369153	-13688814476051183	-60745769	-44166108	-87869922	-70440552	-89748981	-1955544942045023	-65430785	-45967740	-59416119	-53618089	-69416354	-279363577675581	-17989734	-34914131	-26841612	-48992342	-42438480	-39909112498612	-5701312429701	-814483487538	-116399359629	-16632138089	-121301418	-2426148018	-121474773	-121743496	-121850302	-121676352	-121380196	-385932680	-121475949	-121769396	-121850421	-121683163	-121374953	-618172807	-616892850	-2980403538	-3955540778	-3060816752	-2948944215
1403019	-35941207	-46084068	-60304569	-48105850	-57150376	-21940565	-53380985	-54716966	-54842933	-58585428	-57063014	-41452981	-52165077	-52323073	-54715750	-59462611	-66790553	-41055392	-46176398	-52882319	-41363787	-39959692	-35413718	-1497357	-350651226	-308017267	-2388116073	-16627874642	-116779264252	-817119530820	-5720165391176	-5720116801713	-40040807609413	-280285533399494	-1961998845149922	-13733991890483414	-96137943370604473	-96137943398959648	-96137943401194658	-96137943403321563	-96137943387971874	-96137943378486588	-96137943403708014	-96137943396142317	-96137943385080158	-96137943398471177	-96137943386046326	-487184299	-96137943385149267	-426624303	-310180591	-617123563	-494711854	-630315882	-13733992030821832	-459529707	-322829437	-417286044	-376563117	-487515966	-1961998963562050	-126337232	-245201453	-188509930	-344070510	-298044131	-280285776730596	-40040899998820	-5720200792894	-817484607212	-116809206633	-851917850	-17039092854	-853134779	-855022175	-855772400	-854551082	-852471193	-2710442861	-853143060	-855203839	-855773226	-854598745	-852433848	-4341499617	-4332511449	-20932011002	-27780594786	-21496770890	-20711051676
9817240	-251486303	-322457714	-421960674	-336603222	-399889371	-153520980	-373515259	-382862129	-383744958	-409931060	-399278587	-290053263	-365006320	-366111700	-382853523	-416069683	-467342814	-287270437	-323101153	-370024524	-289427295	-279602942	-247793217	-10477367	-2453551706	-2155237144	-16709954093	-116347378362	-817119530820	-5717490453204	-40024732950543	-40024392964000	-280170680755256	-1961193926573042	-13728358265160736	-96098507677240171	-672689554700826966	-672689554899233415	-672689554914872688	-672689554929755330	-672689554822350341	-672689554755981351	-672689554932457435	-672689554879518366	-672689554802115217	-672689554895814369	-672689554808875815	-3408895007	-672689554802601910	-2985146955	-2170377944	-4318091211	-3461561432	-4410401898	-96098508659204142	-3215387336	-2258885923	-2919803523	-2634862307	-3411215647	-13728359093708091	-884002658	-1715708330	-1319028627	-2407511750	-2085460125	-1961195629190798	-280171327218769	-40024980660595	-5720044933022	-817329041956	-5960975251	-119224718872	-5969490779	-5982697119	-5987946300	-5979400329	-5964847014	-18965319345	-5969548767	-5983968340	-5987952131	-5979733893	-5964586124	-30378036920	-30315144678	-146463730035	-194384058498	-150415416424	-144917655477
68724508	-1760504370	-2257332474	-2953893019	-2356357880	-2799385792	-1074708656	-2614755770	-2680188647	-2686367503	-2869681369	-2795109708	-2030488344	-2555190775	-2562928931	-2680128495	-2912653264	-3271587287	-2011008258	-2261839093	-2590320381	-2026107874	-1957333147	-1734653503	-73345649	-17175848855	-15087526146	-116976401110	-814478446841	-5720165391176	-40024732950543	-280189230031922	-280186849988936	-1961307459949003	-13729146348303011	-96104029892485215	-672728207995126656	-4709097462687295634	-4709097464076219219	-4709097464185699941	-4709097464289883942	-4709097463538007056	-4709097463073396663	-4709097464308801649	-4709097463938207663	-4709097463396354265	-4709097464052285590	-4709097463443680909	-23863632849	-4709097463399758478	-20897228534	-15193514308	-30228378236	-24232323990	-30874587611	-672728214869269986	-22509006499	-15813103271	-20439800857	-18445094185	-23879878288	-96104035692646961	-6188369509	-12010646753	-9233731948	-16853544232	-14599052993	-13729158267312656	-1961311985449936	-280190964101643	-40042615342870	-5721632053438	-41729228569	-834620993633	-41788840156	-41881289926	-41918036433	-41858211493	-41756332415	-132764862321	-41789246163	-41890188886	-41918077334	-41860546483	-41754505793	-212658478165	-212218207866	-1025305263780	-1360766943795	-1052968677663	-1014482121387
68723924	-1760489339	-2257313033	-2953867595	-2356337440	-2799361717	-1074699718	-2614733111	-2680165717	-2686344342	-2869656637	-2795085727	-2030470979	-2555168845	-2562906862	-2680105346	-2912628134	-3271559244	-2010991146	-2261819688	-2590298324	-2026090519	-1957316570	-1734638700	-73345050	-17175702819	-15087398077	-116975407360	-814471528433	-5720116801713	-40024392964000	-280186849988936	-280184469966546	-1961290799795894	-13729029727281635	-96103213545288857	-672722493564763695	-4709057461674697018	-4709057463063608914	-4709057463173088687	-4709057463277271765	-4709057462525401177	-4709057462060794952	-4709057463296188952	-4709057462925598280	-4709057462383749625	-4709057463039675449	-4709057462431075971	-23863429842	-4709057462387154002	-20897050412	-15193384836	-30228120657	-24232118141	-30874325237	-672722500438847929	-22508814776	-15812969081	-20439627131	-18444937546	-23879675127	-96103219345401597	-6188317422	-12010545211	-9233653716	-16853401558	-14598928799	-13729041646190066	-1961295325258654	-280188584044047	-40042275204134	-5721583451409	-41728873172	-834613903200	-41788484318	-41880933276	-41917679517	-41857855032	-41755976857	-132763734369	-41788890297	-41889832194	-41917720376	-41860190064	-41754150228	-212656667258	-212216400550	-1025296514977	-1360755340007	-1052959694689	-1014473469163
481067245	-12323421195	-15801185901	-20677066076	-16494356859	-19595526123	-7522897205	-18303123756	-18761154275	-18804403208	-20087589986	-19565593530	-14213291683	-17886177668	-17940342736	-18760732087	-20388388654	-22900908245	-14076934455	-15832735420	-18132084163	-14182630566	-13701211739	-12142469712	-513415180	-120229889907	-105611759287	-818827647982	-5701299273958	-40040807609413	-280170680755256	-1961307459949003	-1961290799795894	-13729032168793248	-96103184082528073	-672722326757913880	-4709056278539584307	-32963393996826536404	-32963394006548916267	-32963394007315274016	-32963394008044554633	-32963394002781463634	-32963393999529220221	-32963394008176976675	-32963394005582843440	-32963394001789903712	-32963394006381382807	-32963394002121187650	-167043965578	-32963394001813731666	-146279319795	-106353664718	-211596797762	-169624783125	-216120223249	-4709056326658160309	-157561666654	-110690748364	-143077355603	-129114523923	-167157682566	-672722367358683481	-43318201766	-84073790304	-64635560143	-117973770530	-102192471787	-96103267514861131	-13729063847013690	-1961319598331086	-280295856408337	-40051074155008	-292102043296	-5842295867387	-292519320380	-293166463394	-293423687116	-293004916323	-292291769203	-929345906664	-292522162401	-293228755386	-293423973220	-293021261281	-292278982086	-1488596315325	-1485514449041	-7177074063593	-9525285357476	-7370716325840	-7101312795864
3367469438	-86263912471	-110608255125	-144739402483	-115460449105	-137168624549	-52660257692	-128121813536	-131328024401	-131630768022	-140613070803	-136959097462	-99493000850	-125203190272	-125582345664	-131325068859	-142718662093	-160306289579	-98538499484	-110829099147	-126924534920	-99278370725	-95908441406	-84997250028	-3593904834	-841608869731	-739281999949	-5731791083074	-39909077851457	-280285533399494	-1961193926573042	-13729146348303011	-13729029727281635	-96103184082528073	-672722000884656434	-4709054273453995858	-32963379852817313611	-230743659299067174237	-230743659367123805648	-230743659372488308148	-230743659377593270770	-230743659340751647970	-230743659317985954779	-230743659378520222669	-230743659360361296969	-230743659333810730599	-230743659365951071036	-230743659336129717551	-1169307262221	-230743659333977529082	-1023954799854	-744475338047	-1481176946298	-1187372973010	-1512840916293	-32963380189647199628	-1102931191901	-774834915267	-1001541059337	-903801283686	-1170103280696	-4709054557659266773	-303227289855	-588516284412	-452448727451	-825816049968	-715347003553	-672722584910737984	-96103405829983258	-13729231316941035	-1962070155763095	-280357399187789	-2044713423662	-40896053575349	-2047634362655	-2052164361527	-2053964926727	-2051033532037	-2046041504304	-6505418567151	-2047654256669	-2052600405632	-2053966929434	-2051147946883	-2045951995073	-10420169743739	-10398596688550	-50239496654263	-66676968574692	-51594991890869	-49709168017026
23572287284	-603847420817	-774257828976	-1013175873589	-808223189456	-960180426038	-368621824783	-896852744359	-919296222601	-921415427131	-984291550747	-958713735710	-696451044342	-876422381485	-879076469381	-919275534038	-999030689716	-1122144090398	-689769535173	-775803739128	-888471794913	-694948635019	-671359127792	-594980785074	-25157335150	-5891262422456	-5174974292654	-40122539859740	-279363560814635	-1961998845149922	-13728358265160736	-96104029892485215	-96103213545288857	-672722326757913880	-4709054273453995858	-32963381785007887662	-230743672065530582612	-1615205706764136064996	-1615205707240532510696	-1615205707278084029903	-1615205707313818770001	-1615205707055927396893	-1615205706896567534687	-1615205707320307435300	-1615205707193194948700	-1615205707007340973298	-1615205707232323368692	-1615205707023573882636	-8185151297750	-1615205707008508560435	-7167684006028	-5211327659356	-10368239215516	-8311611282996	-10589887014735	-230743674423339920129	-7720518783103	-5423844708947	-7010787813925	-6326609342305	-8190723427481	-32963383774444893035	-2122591144065	-4119614221646	-3167141271413	-5780712671251	-5007429304136	-4709058361636798540	-672723878990183671	-96104624672985215	-13734491869844046	-1962501905696423	-14312994781470	-286272391279693	-14333441355107	-14365151349143	-14377755306341	-14357235542636	-14322291346538	-45537932552973	-14333580613282	-14368203657878	-14377769325346	-14358036446488	-14321664781501	-72941192349032	-72790180954666	-351676496764999	-466738806816583	-361164963976558	-347964196092072
165006010771	-4226931938346	-5419804792809	-7092231102410	-5657562315371	-6721262969404	-2580352768956	-6277969199560	-6435073546617	-6449907978428	-6890040842572	-6710996137946	-4875157302087	-6134956658619	-6153535273995	-6434928725789	-6993214815543	-7855008618434	-4828386737660	-5430626162477	-6219302552280	-4864640435354	-4699513886337	-4164865487000	-176101345883	-41238836879907	-36224819981613	-280857778494394	-1955544922063160	-13733991890483414	-96098507677240171	-672728207995126656	-672722493564763695	-4709056278539584307	-32963379852817313611	-230743672065530582612	-1615205701452041675832	-11306439926302245602130	-11306439929637020716979	-11306439929899881351259	-11306439930150024531414	-11306439928344784922006	-11306439927229265889824	-11306439930195445186548	-11306439929305657782256	-11306439928004679957247	-11306439929579556722565	-11306439928118310322706	-57296058977752	-11306439928012853069208	-50173787946492	-36479293547690	-72577674370019	-58181278875426	-74129208966106	-1615205717956707003393	-54043631379990	-37966912895842	-49075514607658	-44286265318190	-57335063885624	-230743685991589599759	-14858137987903	-28837299503544	-22169988862280	-40464988630199	-35052005065021	-32963408470096880804	-4709067144165458431	-672732371458618667	-96141442909940071	-13737513314302799	-100190963280303	-2003906735222231	-100334089295972	-100556059253636	-100644286953812	-100500648607856	-100256039235632	-318765527277995	-100335064103162	-100577425415005	-100644385086826	-100506254934995	-100251653280821	-510588345483559	-509531265724173	-2461735472529963	-3267171641350491	-2528154742870295	-2435749367867445
1155042076953	-29588523610833	-37938633604699	-49645617788355	-39602936265491	-47048840854349	-18062469407090	-43945784461561	-45045514890983	-45149355914655	-48230285967814	-46976973033384	-34126101163471	-42944696671802	-43074746980604	-45044501145882	-48952503780158	-54985060407880	-33798707211294	-38014383192091	-43535117928042	-34052483096937	-32896597251523	-29154058450299	-1232709422779	-288671858571543	-253573740232906	-1966004452267778	-13688814473979719	-96137943370604473	-672689554700826966	-4709097462687295634	-4709057461674697018	-32963393996826536404	-230743659299067174237	-1615205706764136064996	-11306439926302245602130	-79145079597081396484692	-79145079620424822320814	-79145079622264846763165	-79145079624015849027336	-79145079611379171743445	-79145079603570538505979	-79145079624333793615122	-79145079618105281775512	-79145079608998436986903	-79145079620022574359619	-79145079609793849546029	-401072413416612	-79145079609055648769567	-351216516126238	-255355055199797	-508043721315431	-407268952709430	-518904463501263	-11306440041834903068222	-378305420200953	-265768390649909	-343528602742066	-310003857671984	-401345447772311	-1615205804246549326588	-104006966062986	-201861096810618	-155189922253576	-283254920815377	-245364035804720	-230743859620024434831	-32963470056207766383	-4709126606931782868	-672990101330159165	-96162593337374963	-701336743965921	-14027347166582421	-702338626077046	-703892415782773	-704510009684901	-703504541261739	-701792275653903	-2231358694130601	-702345449727250	-704041978912475	-704510696615803	-703543785551719	-701761573970142	-3574118423486520	-3566718865161291	-17232148332481250	-22870201522260309	-17697083225487295	-17050245599525124
1155042077341	-29588523620114	-37938633616870	-49645617803907	-39602936277383	-47048840868786	-18062469412378	-43945784475399	-45045514904706	-45149355928903	-48230285982709	-46976973048017	-34126101174233	-42944696684787	-43074746993637	-45044501159343	-48952503795554	-54985060424466	-33798707221327	-38014383202869	-43535117940863	-34052483106875	-32896597261252	-29154058458502	-1232709423209	-288671858656396	-253573740307898	-1966004452847356	-13688814478017383	-96137943398959648	-672689554899233415	-4709097464076219219	-4709057463063608914	-32963394006548916267	-230743659367123805648	-1615205707240532510696	-11306439929637020716979	-79145079620424822320814	-79145079643768248164736	-79145079645608272607885	-79145079647359274872767	-79145079634722597584607	-79145079626913964345069	-79145079647677219459637	-79145079641448707617802	-79145079632341862826545	-79145079643366000202804	-79145079633137275386002	-401072413536158	-79145079632399074610855	-351216516230286	-255355055276566	-508043721464671	-407268952829858	-518904463654465	-11306440045169678217074	-378305420312246	-265768390730647	-343528602843482	-310003857764832	-401345447891892	-1615205804722945802381	-104006966095697	-201861096871161	-155189922299706	-283254920901295	-245364035879305	-230743859688081126219	-32963470065930169717	-4709126608320715168	-672990101528652915	-96162593365737605	-701336744171672	-14027347170718700	-702338626283448	-703892415989637	-704510009891779	-703504541468190	-701792275859808	-2231358694789385	-702345449933645	-704041979119311	-704510696822660	-703543785758142	-701761574176236	-3574118424541637	-3566718866213909	-17232148337477976	-22870201528887216	-17697083230615292	-17050245604465990
